zaxis,yaxis,H,B,C,O,F,Na,Mg,Al,Si,P,S,Cl,K,Ca,Ti,V,Mn,Fe,Ni,Cu,Zn,As,Se,Ag,Sb,Ba,Pb,Bi,U,REE
H,H,3320,206,341,3297,235,740,576,911,1073,535,553,250,376,1038,205,191,481,793,71,376,239,406,26,4,38,166,247,44,283,219
H,B,206,206,14,205,20,52,62,60,83,3,9,30,11,93,5,4,17,20,0,4,0,2,0,0,0,6,5,0,1,11
H,C,341,14,341,327,18,69,61,55,49,22,36,23,15,110,2,6,19,23,14,39,17,4,0,0,0,14,28,0,41,58
H,O,3297,205,327,3297,232,740,576,911,1071,535,553,245,376,1038,205,190,481,793,70,375,239,406,26,4,38,166,246,43,283,219
H,F,235,20,18,232,235,101,45,107,122,46,28,15,42,96,49,6,40,48,0,6,3,3,0,1,1,33,8,0,10,35
H,Na,740,52,69,740,101,740,142,243,432,99,109,57,176,296,105,29,123,174,2,20,15,42,2,0,7,62,5,1,36,50
H,Mg,576,62,61,576,45,142,576,217,223,100,68,35,73,177,23,29,90,162,10,22,37,52,1,0,2,24,10,1,26,16
H,Al,911,60,55,911,107,243,217,911,472,181,151,40,142,344,27,38,100,215,11,48,40,49,4,0,6,55,32,1,23,57
H,Si,1073,83,49,1071,122,432,223,472,1073,18,43,61,226,496,147,30,233,281,8,31,37,19,1,0,3,97,34,1,21,104
H,P,535,3,22,535,46,99,100,181,18,535,27,4,39,153,11,18,111,193,2,43,45,12,0,0,0,36,31,11,52,28
H,S,553,9,36,553,28,109,68,151,43,27,553,36,69,99,3,12,28,134,21,96,58,23,3,1,10,6,57,4,62,13
H,Cl,250,30,23,245,15,57,35,40,61,4,36,250,36,80,8,4,32,48,6,66,12,20,2,3,3,12,44,2,2,5
H,K,376,11,15,376,42,176,73,142,226,39,69,36,376,143,58,16,52,100,1,17,11,14,1,1,3,41,6,1,29,9
H,Ca,1038,93,110,1038,96,296,177,344,496,153,99,80,143,1038,58,60,165,229,4,57,34,114,3,0,6,46,23,2,61,95
H,Ti,205,5,2,205,49,105,23,27,147,11,3,8,58,58,205,10,51,82,0,2,17,6,0,0,4,47,3,0,10,37
H,V,191,4,6,190,6,29,29,38,30,18,12,4,16,60,10,191,27,29,3,13,7,13,0,0,1,13,15,5,21,7
H,Mn,481,17,19,481,40,123,90,100,233,111,28,32,52,165,51,27,481,152,3,7,42,70,0,0,3,35,20,0,6,26
H,Fe,793,20,23,793,48,174,162,215,281,193,134,48,100,229,82,29,152,793,10,33,62,100,1,1,8,47,46,11,20,49
H,Ni,71,0,14,70,0,2,10,11,8,2,21,6,1,4,0,3,3,10,71,9,3,11,1,0,2,0,1,1,4,0
H,Cu,376,4,39,375,6,20,22,48,31,43,96,66,17,57,2,13,7,33,9,376,41,97,12,2,7,2,62,8,18,11
H,Zn,239,0,17,239,3,15,37,40,37,45,58,12,11,34,17,7,42,62,3,41,239,59,0,1,5,2,29,0,6,4
H,As,406,2,4,406,3,42,52,49,19,12,23,20,14,114,6,13,70,100,11,97,59,406,0,0,14,9,49,14,36,14
H,Se,26,0,0,26,0,2,1,4,1,0,3,2,1,3,0,0,0,1,1,12,0,0,26,0,0,1,8,1,8,0
H,Ag,4,0,0,4,1,0,0,0,0,0,1,3,1,0,0,0,0,1,0,2,1,0,0,4,0,0,3,0,0,0
H,Sb,38,0,0,38,1,7,2,6,3,0,10,3,3,6,4,1,3,8,2,7,5,14,0,0,38,0,4,0,0,0
H,Ba,166,6,14,166,33,62,24,55,97,36,6,12,41,46,47,13,35,47,0,2,2,9,1,0,0,166,4,0,15,16
H,Pb,247,5,28,246,8,5,10,32,34,31,57,44,6,23,3,15,20,46,1,62,29,49,8,3,4,4,247,5,33,5
H,Bi,44,0,0,43,0,1,1,1,1,11,4,2,1,2,0,5,0,11,1,8,0,14,1,0,0,0,5,44,7,0
H,U,283,1,41,283,10,36,26,23,21,52,62,2,29,61,10,21,6,20,4,18,6,36,8,0,0,15,33,7,283,19
H,REE,219,11,58,219,35,50,16,57,104,28,13,5,9,95,37,7,26,49,0,11,4,14,0,0,0,16,5,0,19,219
B,H,206,206,14,205,20,52,62,60,83,3,9,30,11,93,5,4,17,20,0,4,0,2,0,0,0,6,5,0,1,11
B,B,206,301,14,295,38,66,99,87,127,7,9,39,22,120,12,6,33,52,1,6,1,8,0,0,3,15,8,0,1,26
B,C,14,14,14,14,1,1,7,2,4,0,0,3,0,8,0,0,1,0,0,1,0,0,0,0,0,0,3,0,0,1
B,O,205,295,14,295,34,64,99,87,126,7,9,39,20,120,11,6,33,52,1,6,1,8,0,0,3,15,8,0,1,26
B,F,20,38,1,34,38,14,11,11,26,5,2,3,6,17,2,2,4,8,0,0,0,5,0,0,0,6,4,0,0,12
B,Na,52,66,1,64,14,66,15,23,43,1,3,4,7,16,3,3,7,12,0,0,0,2,0,0,0,4,0,0,0,5
B,Mg,62,99,7,99,11,15,99,32,35,3,1,13,4,24,4,5,11,26,0,0,0,4,0,0,3,2,2,0,0,1
B,Al,60,87,2,87,11,23,32,87,68,0,3,5,7,29,3,1,8,26,0,0,0,2,0,0,1,0,0,0,1,7
B,Si,83,127,4,126,26,43,35,68,127,3,3,9,11,50,9,4,16,31,0,0,0,3,0,0,0,15,5,0,1,23
B,P,3,7,0,7,5,1,3,0,3,7,0,0,0,3,1,2,3,2,0,0,0,2,0,0,0,1,0,0,0,3
B,S,9,9,0,9,2,3,1,3,3,0,9,2,1,8,0,0,0,2,0,0,0,0,0,0,0,0,0,0,0,0
B,Cl,30,39,3,39,3,4,13,5,9,0,2,39,5,19,3,1,4,6,0,1,1,0,0,0,0,4,4,0,0,1
B,K,11,22,0,20,6,7,4,7,11,0,1,5,22,7,1,0,1,0,0,0,1,0,0,0,0,4,3,0,0,2
B,Ca,93,120,8,120,17,16,24,29,50,3,8,19,7,120,3,0,10,18,0,2,0,5,0,0,0,7,3,0,1,18
B,Ti,5,12,0,11,2,3,4,3,9,1,0,3,1,3,12,1,1,5,0,0,0,0,0,0,0,6,0,0,0,2
B,V,4,6,0,6,2,3,5,1,4,2,0,1,0,0,1,6,0,0,0,0,0,2,0,0,0,1,0,0,0,0
B,Mn,17,33,1,33,4,7,11,8,16,3,0,4,1,10,1,0,33,8,0,0,0,0,0,0,3,1,1,0,0,4
B,Fe,20,52,0,52,8,12,26,26,31,2,2,6,0,18,5,0,8,52,1,1,0,2,0,0,2,2,0,0,0,8
B,Ni,0,1,0,1,0,0,0,0,0,0,0,0,0,0,0,0,0,1,1,0,0,0,0,0,0,0,0,0,0,0
B,Cu,4,6,1,6,0,0,0,0,0,0,0,1,0,2,0,0,0,1,0,6,0,0,0,0,0,0,0,0,0,0
B,Zn,0,1,0,1,0,0,0,0,0,0,0,1,1,0,0,0,0,0,0,0,1,0,0,0,0,0,0,0,0,0
B,As,2,8,0,8,5,2,4,2,3,2,0,0,0,5,0,2,0,2,0,0,0,8,0,0,0,0,0,0,0,3
B,Se,0,0,0,0,0,0,0,0,0,0,0,0,0,0,0,0,0,0,0,0,0,0,0,0,0,0,0,0,0,0
B,Ag,0,0,0,0,0,0,0,0,0,0,0,0,0,0,0,0,0,0,0,0,0,0,0,0,0,0,0,0,0,0
B,Sb,0,3,0,3,0,0,3,1,0,0,0,0,0,0,0,0,3,2,0,0,0,0,0,0,3,0,0,0,0,0
B,Ba,6,15,0,15,6,4,2,0,15,1,0,4,4,7,6,1,1,2,0,0,0,0,0,0,0,15,3,0,0,4
B,Pb,5,8,3,8,4,0,2,0,5,0,0,4,3,3,0,0,1,0,0,0,0,0,0,0,0,3,8,0,0,2
B,Bi,0,0,0,0,0,0,0,0,0,0,0,0,0,0,0,0,0,0,0,0,0,0,0,0,0,0,0,0,0,0
B,U,1,1,0,1,0,0,0,1,1,0,0,0,0,1,0,0,0,0,0,0,0,0,0,0,0,0,0,0,1,0
B,REE,11,26,1,26,12,5,1,7,23,3,0,1,2,18,2,0,4,8,0,0,0,3,0,0,0,4,2,0,0,26
C,H,341,14,341,327,18,69,61,55,49,22,36,23,15,110,2,6,19,23,14,39,17,4,0,0,0,14,28,0,41,58
C,B,14,14,14,14,1,1,7,2,4,0,0,3,0,8,0,0,1,0,0,1,0,0,0,0,0,0,3,0,0,1
C,C,341,14,471,442,47,114,73,61,68,29,47,33,23,159,6,7,28,36,17,43,19,4,0,0,0,36,35,3,44,96
C,O,327,14,442,442,47,114,73,61,67,29,47,33,23,159,5,6,28,30,14,43,19,4,0,0,0,36,35,3,44,96
C,F,18,1,47,47,47,18,3,5,7,6,3,2,2,23,1,1,3,1,0,0,0,0,0,0,0,15,1,1,2,28
C,Na,69,1,114,114,18,114,11,19,25,14,17,10,12,45,4,1,11,7,1,6,0,1,0,0,0,12,2,0,7,33
C,Mg,61,7,73,73,3,11,73,11,6,10,8,6,3,21,0,1,6,11,1,4,3,0,0,0,0,3,5,0,8,2
C,Al,55,2,61,61,5,19,11,61,21,7,12,7,5,22,0,1,2,3,1,1,1,0,0,0,0,7,4,0,1,5
C,Si,49,4,68,67,7,25,6,21,68,6,11,8,7,38,4,2,6,10,0,2,0,0,0,0,0,8,8,0,2,16
C,P,22,0,29,29,6,14,10,7,6,29,2,1,2,11,0,2,3,2,0,1,1,0,0,0,0,5,0,0,0,5
C,S,36,0,47,47,3,17,8,12,11,2,47,6,4,14,0,0,7,4,1,5,4,1,0,0,0,1,8,0,2,6
C,Cl,23,3,33,33,2,10,6,7,8,1,6,33,3,12,0,0,3,1,0,6,0,0,0,0,0,3,7,0,0,3
C,K,15,0,23,23,2,12,3,5,7,2,4,3,23,14,0,1,0,1,0,1,0,0,0,0,0,1,0,0,4,2
C,Ca,110,8,159,159,23,45,21,22,38,11,14,12,14,159,0,4,10,6,0,7,3,2,0,0,0,17,3,2,25,34
C,Ti,2,0,6,5,1,4,0,0,4,0,0,0,0,0,6,1,0,2,0,0,0,0,0,0,0,1,0,0,0,3
C,V,6,0,7,6,1,1,1,1,2,2,0,0,1,4,1,7,1,1,0,0,0,0,0,0,0,1,0,0,0,0
C,Mn,19,1,28,28,3,11,6,2,6,3,7,3,0,10,0,1,28,2,0,0,2,2,0,0,0,0,2,0,0,5
C,Fe,23,0,36,30,1,7,11,3,10,2,4,1,1,6,2,1,2,36,3,0,2,0,0,0,0,3,2,0,0,3
C,Ni,14,0,17,14,0,1,1,1,0,0,1,0,0,0,0,0,0,3,17,1,0,0,0,0,0,0,0,0,0,0
C,Cu,39,1,43,43,0,6,4,1,2,1,5,6,1,7,0,0,0,0,1,43,4,2,0,0,0,0,5,0,4,4
C,Zn,17,0,19,19,0,0,3,1,0,1,4,0,0,3,0,0,2,2,0,4,19,1,0,0,0,0,0,0,1,0
C,As,4,0,4,4,0,1,0,0,0,0,1,0,0,2,0,0,2,0,0,2,1,4,0,0,0,0,0,0,0,0
C,Se,0,0,0,0,0,0,0,0,0,0,0,0,0,0,0,0,0,0,0,0,0,0,0,0,0,0,0,0,0,0
C,Ag,0,0,0,0,0,0,0,0,0,0,0,0,0,0,0,0,0,0,0,0,0,0,0,0,0,0,0,0,0,0
C,Sb,0,0,0,0,0,0,0,0,0,0,0,0,0,0,0,0,0,0,0,0,0,0,0,0,0,0,0,0,0,0
C,Ba,14,0,36,36,15,12,3,7,8,5,1,3,1,17,1,1,0,3,0,0,0,0,0,0,0,36,0,0,0,15
C,Pb,28,3,35,35,1,2,5,4,8,0,8,7,0,3,0,0,2,2,0,5,0,0,0,0,0,0,35,0,1,3
C,Bi,0,0,3,3,1,0,0,0,0,0,0,0,0,2,0,0,0,0,0,0,0,0,0,0,0,0,0,3,0,0
C,U,41,0,44,44,2,7,8,1,2,0,2,0,4,25,0,0,0,0,0,4,1,0,0,0,0,0,1,0,44,7
C,REE,58,1,96,96,28,33,2,5,16,5,6,3,2,34,3,0,5,3,0,4,0,0,0,0,0,15,3,0,7,96
O,H,3297,205,327,3297,232,740,576,911,1071,535,553,245,376,1038,205,190,481,793,70,375,239,406,26,4,38,166,246,43,283,219
O,B,205,295,14,295,34,64,99,87,126,7,9,39,20,120,11,6,33,52,1,6,1,8,0,0,3,15,8,0,1,26
O,C,327,14,442,442,47,114,73,61,67,29,47,33,23,159,5,6,28,30,14,43,19,4,0,0,0,36,35,3,44,96
O,O,3297,295,442,4793,427,1106,815,1164,1613,700,691,384,561,1485,398,273,673,1162,90,499,292,527,42,8,99,266,381,83,311,386
O,F,232,34,47,427,427,193,89,141,223,87,42,27,67,201,78,12,53,79,0,9,3,19,0,1,1,61,18,3,12,84
O,Na,740,64,114,1106,193,1106,221,327,605,161,166,92,249,438,169,37,179,263,2,49,23,79,3,0,11,84,13,5,41,95
O,Mg,576,99,73,815,89,221,815,288,335,130,80,48,100,260,58,37,127,273,10,31,44,72,1,0,9,37,12,1,26,28
O,Al,911,87,61,1164,141,327,288,1164,632,200,171,63,204,448,51,42,121,287,12,56,45,63,4,0,10,62,35,1,23,70
O,Si,1071,126,67,1613,223,605,335,632,1613,40,68,95,324,734,240,46,306,419,9,41,54,28,1,0,8,151,53,3,23,180
O,P,535,7,29,700,87,161,130,200,40,700,30,13,44,224,16,20,145,248,9,47,47,15,0,0,0,50,37,12,53,47
O,S,553,9,47,691,42,166,80,171,68,30,691,66,117,129,5,14,34,149,21,126,65,25,4,3,20,11,80,11,62,15
O,Cl,245,39,33,384,27,92,48,63,95,13,66,384,64,113,13,15,39,63,6,98,16,43,13,5,10,20,87,6,2,8
O,K,376,20,23,561,67,249,100,204,324,44,117,64,561,190,83,23,64,132,1,45,21,30,4,1,3,47,15,2,31,16
O,Ca,1038,120,159,1485,201,438,260,448,734,224,129,113,190,1485,124,72,220,342,8,68,45,142,3,0,18,75,39,4,69,156
O,Ti,205,11,5,398,78,169,58,51,240,16,5,13,83,124,398,18,73,161,0,3,19,15,0,0,5,75,10,0,18,68
O,V,190,6,6,273,12,37,37,42,46,20,14,15,23,72,18,273,33,41,3,32,8,22,0,1,2,22,26,8,21,11
O,Mn,481,33,28,673,53,179,127,121,306,145,34,39,64,220,73,33,673,218,3,11,54,80,0,0,17,40,37,0,7,44
O,Fe,793,52,30,1162,79,263,273,287,419,248,149,63,132,342,161,41,218,1162,15,55,72,128,1,1,25,66,68,12,28,86
O,Ni,70,1,14,90,0,2,10,12,9,9,21,6,1,8,0,3,3,15,90,9,3,17,1,0,3,0,1,2,4,0
O,Cu,375,6,43,499,9,49,31,56,41,47,126,98,45,68,3,32,11,55,9,499,46,129,22,4,10,5,76,12,18,13
O,Zn,239,1,19,292,3,23,44,45,54,47,65,16,21,45,19,8,54,72,3,46,292,67,3,1,7,3,37,0,6,7
O,As,406,8,4,527,19,79,72,63,28,15,25,43,30,142,15,22,80,128,17,129,67,527,0,2,21,11,66,18,36,22
O,Se,26,0,0,42,0,3,1,4,1,0,4,13,4,3,0,0,0,1,1,22,3,0,42,0,0,1,14,2,8,0
O,Ag,4,0,0,8,1,0,0,0,0,0,3,5,1,0,0,1,0,1,0,4,1,2,0,8,2,0,5,0,0,0
O,Sb,38,3,0,99,1,11,9,10,8,0,20,10,3,18,5,2,17,25,3,10,7,21,0,2,99,0,16,1,0,0
O,Ba,166,15,36,266,61,84,37,62,151,50,11,20,47,75,75,22,40,66,0,5,3,11,1,0,0,266,7,0,15,31
O,Pb,246,8,35,381,18,13,12,35,53,37,80,87,15,39,10,26,37,68,1,76,37,66,14,5,16,7,381,6,40,11
O,Bi,43,0,3,83,3,5,1,1,3,12,11,6,2,4,0,8,0,12,2,12,0,18,2,0,1,0,6,83,7,0
O,U,283,1,44,311,12,41,26,23,23,53,62,2,31,69,18,21,7,28,4,18,6,36,8,0,0,15,40,7,311,25
O,REE,219,26,96,386,84,95,28,70,180,47,15,8,16,156,68,11,44,86,0,13,7,22,0,0,0,31,11,0,25,386
F,H,235,20,18,232,235,101,45,107,122,46,28,15,42,96,49,6,40,48,0,6,3,3,0,1,1,33,8,0,10,35
F,B,20,38,1,34,38,14,11,11,26,5,2,3,6,17,2,2,4,8,0,0,0,5,0,0,0,6,4,0,0,12
F,C,18,1,47,47,47,18,3,5,7,6,3,2,2,23,1,1,3,1,0,0,0,0,0,0,0,15,1,1,2,28
F,O,232,34,47,427,427,193,89,141,223,87,42,27,67,201,78,12,53,79,0,9,3,19,0,1,1,61,18,3,12,84
F,F,235,38,47,427,475,212,95,157,230,87,42,31,75,214,78,12,53,79,0,9,3,19,0,1,1,65,23,4,12,90
F,Na,101,14,18,193,212,212,38,58,126,35,16,14,36,100,60,0,38,48,0,3,3,10,0,0,1,31,1,1,3,36
F,Mg,45,11,3,89,95,38,95,40,52,15,8,2,17,38,6,3,6,28,0,1,0,8,0,0,0,10,1,0,2,7
F,Al,107,11,5,141,157,58,40,157,60,36,22,5,24,66,3,3,11,23,0,4,0,5,0,0,0,12,4,0,5,12
F,Si,122,26,7,223,230,126,52,60,230,16,8,9,65,120,68,2,40,60,0,0,2,3,0,0,0,39,4,0,0,42
F,P,46,5,6,87,87,35,15,36,16,87,3,1,3,42,10,4,12,13,0,3,0,2,0,0,0,16,2,0,1,10
F,S,28,2,3,42,42,16,8,22,8,3,42,10,7,20,1,0,3,1,0,0,0,0,0,0,0,2,3,0,3,5
F,Cl,15,3,2,27,31,14,2,5,9,1,10,31,5,12,3,0,3,1,0,4,0,3,0,1,0,6,9,0,0,5
F,K,42,6,2,67,75,36,17,24,65,3,7,5,75,29,16,0,16,19,0,0,0,0,0,0,0,11,3,0,0,3
F,Ca,96,17,23,201,214,100,38,66,120,42,20,12,29,214,28,4,24,30,0,1,0,8,0,0,1,23,7,1,4,45
F,Ti,49,2,1,78,78,60,6,3,68,10,1,3,16,28,78,3,25,28,0,1,3,2,0,0,0,29,0,0,2,15
F,V,6,2,1,12,12,0,3,3,2,4,0,0,0,4,3,12,0,3,0,2,0,3,0,0,0,3,1,0,2,2
F,Mn,40,4,3,53,53,38,6,11,40,12,3,3,16,24,25,0,53,19,0,0,0,0,0,0,0,11,0,0,0,7
F,Fe,48,8,1,79,79,48,28,23,60,13,1,1,19,30,28,3,19,79,0,0,1,4,0,0,0,16,1,0,2,12
F,Ni,0,0,0,0,0,0,0,0,0,0,0,0,0,0,0,0,0,0,0,0,0,0,0,0,0,0,0,0,0,0
F,Cu,6,0,0,9,9,3,1,4,0,3,0,4,0,1,1,2,0,0,0,9,0,3,0,0,0,0,0,0,0,0
F,Zn,3,0,0,3,3,3,0,0,2,0,0,0,0,0,3,0,0,1,0,0,3,0,0,0,0,1,0,0,0,2
F,As,3,5,0,19,19,10,8,5,3,2,0,3,0,8,2,3,0,4,0,3,0,19,0,0,0,1,0,0,2,3
F,Se,0,0,0,0,0,0,0,0,0,0,0,0,0,0,0,0,0,0,0,0,0,0,0,0,0,0,0,0,0,0
F,Ag,1,0,0,1,1,0,0,0,0,0,0,1,0,0,0,0,0,0,0,0,0,0,0,1,0,0,1,0,0,0
F,Sb,1,0,0,1,1,1,0,0,0,0,0,0,0,1,0,0,0,0,0,0,0,0,0,0,1,0,0,0,0,0
F,Ba,33,6,15,61,65,31,10,12,39,16,2,6,11,23,29,3,11,16,0,0,1,1,0,0,0,65,3,0,0,18
F,Pb,8,4,1,18,23,1,1,4,4,2,3,9,3,7,0,1,0,1,0,0,0,0,0,1,0,3,23,0,1,2
F,Bi,0,0,1,3,4,1,0,0,0,0,0,0,0,1,0,0,0,0,0,0,0,0,0,0,0,0,0,4,0,0
F,U,10,0,2,12,12,3,2,5,0,1,3,0,0,4,2,2,0,2,0,0,0,2,0,0,0,0,1,0,12,2
F,REE,35,12,28,84,90,36,7,12,42,10,5,5,3,45,15,2,7,12,0,0,2,3,0,0,0,18,2,0,2,90
Na,H,740,52,69,740,101,740,142,243,432,99,109,57,176,296,105,29,123,174,2,20,15,42,2,0,7,62,5,1,36,50
Na,B,52,66,1,64,14,66,15,23,43,1,3,4,7,16,3,3,7,12,0,0,0,2,0,0,0,4,0,0,0,5
Na,C,69,1,114,114,18,114,11,19,25,14,17,10,12,45,4,1,11,7,1,6,0,1,0,0,0,12,2,0,7,33
Na,O,740,64,114,1106,193,1106,221,327,605,161,166,92,249,438,169,37,179,263,2,49,23,79,3,0,11,84,13,5,41,95
Na,F,101,14,18,193,212,212,38,58,126,35,16,14,36,100,60,0,38,48,0,3,3,10,0,0,1,31,1,1,3,36
Na,Na,740,66,114,1106,212,1130,224,336,608,161,168,95,254,443,169,37,180,265,2,50,24,79,3,0,11,85,13,5,41,98
Na,Mg,142,15,11,221,38,224,224,91,116,38,19,7,47,93,20,14,35,72,1,7,6,26,1,0,0,11,1,0,2,3
Na,Al,243,23,19,327,58,336,91,336,232,50,47,28,102,173,12,7,31,75,0,5,5,13,0,0,0,24,2,0,1,2
Na,Si,432,43,25,605,126,608,116,232,608,19,35,47,185,275,150,10,118,157,0,4,14,4,0,0,0,59,0,0,3,53
Na,P,99,1,14,161,35,161,38,50,19,161,4,4,15,66,10,2,39,53,0,4,0,5,0,0,0,14,1,0,2,14
Na,S,109,3,17,166,16,168,19,47,35,4,168,34,54,49,3,1,6,19,1,14,6,3,0,0,3,4,3,3,21,5
Na,Cl,57,4,10,92,14,95,7,28,47,4,34,95,31,50,7,1,16,26,0,14,1,14,1,0,1,3,3,1,1,5
Na,K,176,7,12,249,36,254,47,102,185,15,54,31,254,121,46,6,39,56,0,11,6,8,2,0,2,30,3,1,5,9
Na,Ca,296,16,45,438,100,443,93,173,275,66,49,50,121,443,54,14,84,112,0,14,5,34,0,0,1,29,6,0,10,44
Na,Ti,105,3,4,169,60,169,20,12,150,10,3,7,46,54,169,1,42,55,0,2,7,5,0,0,1,42,2,0,2,22
Na,V,29,3,1,37,0,37,14,7,10,2,1,1,6,14,1,37,6,4,0,1,0,3,0,0,0,1,0,0,1,0
Na,Mn,123,7,11,179,38,180,35,31,118,39,6,16,39,84,42,6,180,70,0,0,5,13,0,0,0,15,2,0,1,16
Na,Fe,174,12,7,263,48,265,72,75,157,53,19,26,56,112,55,4,70,265,0,13,3,29,0,0,0,23,4,0,2,15
Na,Ni,2,0,1,2,0,2,1,0,0,0,1,0,0,0,0,0,0,0,2,0,0,0,0,0,0,0,0,0,0,0
Na,Cu,20,0,6,49,3,50,7,5,4,4,14,14,11,14,2,1,0,13,0,50,3,21,1,0,1,0,2,1,0,1
Na,Zn,15,0,0,23,3,24,6,5,14,0,6,1,6,5,7,0,5,3,0,3,24,3,0,0,0,2,0,0,0,5
Na,As,42,2,1,79,10,79,26,13,4,5,3,14,8,34,5,3,13,29,0,21,3,79,0,0,3,0,3,0,1,2
Na,Se,2,0,0,3,0,3,1,0,0,0,0,1,2,0,0,0,0,0,0,1,0,0,3,0,0,0,0,0,1,0
Na,Ag,0,0,0,0,0,0,0,0,0,0,0,0,0,0,0,0,0,0,0,0,0,0,0,0,0,0,0,0,0,0
Na,Sb,7,0,0,11,1,11,0,0,0,0,3,1,2,1,1,0,0,0,0,1,0,3,0,0,11,0,1,0,0,0
Na,Ba,62,4,12,84,31,85,11,24,59,14,4,3,30,29,42,1,15,23,0,0,2,0,0,0,0,85,0,0,0,19
Na,Pb,5,0,2,13,1,13,1,2,0,1,3,3,3,6,2,0,2,4,0,2,0,3,0,0,1,0,13,0,3,1
Na,Bi,1,0,0,5,1,5,0,0,0,0,3,1,1,0,0,0,0,0,0,1,0,0,0,0,0,0,0,5,0,0
Na,U,36,0,7,41,3,41,2,1,3,2,21,1,5,10,2,1,1,2,0,0,0,1,1,0,0,0,3,0,41,1
Na,REE,50,5,33,95,36,98,3,2,53,14,5,5,9,44,22,0,16,15,0,1,5,2,0,0,0,19,1,0,1,98
Mg,H,576,62,61,576,45,142,576,217,223,100,68,35,73,177,23,29,90,162,10,22,37,52,1,0,2,24,10,1,26,16
Mg,B,62,99,7,99,11,15,99,32,35,3,1,13,4,24,4,5,11,26,0,0,0,4,0,0,3,2,2,0,0,1
Mg,C,61,7,73,73,3,11,73,11,6,10,8,6,3,21,0,1,6,11,1,4,3,0,0,0,0,3,5,0,8,2
Mg,O,576,99,73,815,89,221,815,288,335,130,80,48,100,260,58,37,127,273,10,31,44,72,1,0,9,37,12,1,26,28
Mg,F,45,11,3,89,95,38,95,40,52,15,8,2,17,38,6,3,6,28,0,1,0,8,0,0,0,10,1,0,2,7
Mg,Na,142,15,11,221,38,224,224,91,116,38,19,7,47,93,20,14,35,72,1,7,6,26,1,0,0,11,1,0,2,3
Mg,Mg,576,99,73,815,95,224,825,291,335,130,83,49,101,263,58,37,128,275,10,31,44,72,1,0,9,38,12,1,26,28
Mg,Al,217,32,11,288,40,91,291,291,179,40,21,10,47,125,26,10,44,117,3,4,16,9,0,0,3,18,2,0,1,11
Mg,Si,223,35,6,335,52,116,335,179,335,4,2,11,65,137,32,11,53,131,3,3,12,8,0,0,2,21,6,0,2,20
Mg,P,100,3,10,130,15,38,130,40,4,130,1,0,8,50,2,4,38,50,0,2,5,2,0,0,0,8,0,0,3,2
Mg,S,68,1,8,80,8,19,83,21,2,1,83,6,16,10,0,1,8,21,4,8,6,0,0,0,0,1,2,0,6,0
Mg,Cl,35,13,6,48,2,7,49,10,11,0,6,49,6,14,3,0,4,10,0,6,1,4,0,0,0,3,3,0,0,1
Mg,K,73,4,3,100,17,47,101,47,65,8,16,6,101,28,13,5,12,35,0,1,3,2,1,0,0,11,1,0,1,0
Mg,Ca,177,24,21,260,38,93,263,125,137,50,10,14,28,263,17,12,40,98,0,7,8,28,0,0,1,14,3,0,5,19
Mg,Ti,23,4,0,58,6,20,58,26,32,2,0,3,13,17,58,1,6,43,0,0,3,1,0,0,0,13,0,0,0,6
Mg,V,29,5,1,37,3,14,37,10,11,4,1,0,5,12,1,37,5,6,0,1,0,4,0,0,0,1,0,0,0,0
Mg,Mn,90,11,6,127,6,35,128,44,53,38,8,4,12,40,6,5,128,66,0,0,23,17,0,0,5,8,4,0,0,4
Mg,Fe,162,26,11,273,28,72,275,117,131,50,21,10,35,98,43,6,66,275,3,6,19,18,0,0,5,21,6,1,2,9
Mg,Ni,10,0,1,10,0,1,10,3,3,0,4,0,0,0,0,0,0,3,10,0,0,0,0,0,0,0,0,0,0,0
Mg,Cu,22,0,4,31,1,7,31,4,3,2,8,6,1,7,0,1,0,6,0,31,3,7,0,0,0,0,1,0,1,0
Mg,Zn,37,0,3,44,0,6,44,16,12,5,6,1,3,8,3,0,23,19,0,3,44,10,0,0,1,0,1,0,0,2
Mg,As,52,4,0,72,8,26,72,9,8,2,0,4,2,28,1,4,17,18,0,7,10,72,0,0,0,0,2,1,4,2
Mg,Se,1,0,0,1,0,1,1,0,0,0,0,0,1,0,0,0,0,0,0,0,0,0,1,0,0,0,0,0,0,0
Mg,Ag,0,0,0,0,0,0,0,0,0,0,0,0,0,0,0,0,0,0,0,0,0,0,0,0,0,0,0,0,0,0
Mg,Sb,2,3,0,9,0,0,9,3,2,0,0,0,0,1,0,0,5,5,0,0,1,0,0,0,9,0,0,0,0,0
Mg,Ba,24,2,3,37,10,11,38,18,21,8,1,3,11,14,13,1,8,21,0,0,0,0,0,0,0,38,0,0,0,1
Mg,Pb,10,2,5,12,1,1,12,2,6,0,2,3,1,3,0,0,4,6,0,1,1,2,0,0,0,0,12,0,1,0
Mg,Bi,1,0,0,1,0,0,1,0,0,0,0,0,0,0,0,0,0,1,0,0,0,1,0,0,0,0,0,1,0,0
Mg,U,26,0,8,26,2,2,26,1,2,3,6,0,1,5,0,0,0,2,0,1,0,4,0,0,0,0,1,0,26,1
Mg,REE,16,1,2,28,7,3,28,11,20,2,0,1,0,19,6,0,4,9,0,0,2,2,0,0,0,1,0,0,1,28
Al,H,911,60,55,911,107,243,217,911,472,181,151,40,142,344,27,38,100,215,11,48,40,49,4,0,6,55,32,1,23,57
Al,B,60,87,2,87,11,23,32,87,68,0,3,5,7,29,3,1,8,26,0,0,0,2,0,0,1,0,0,0,1,7
Al,C,55,2,61,61,5,19,11,61,21,7,12,7,5,22,0,1,2,3,1,1,1,0,0,0,0,7,4,0,1,5
Al,O,911,87,61,1164,141,327,288,1164,632,200,171,63,204,448,51,42,121,287,12,56,45,63,4,0,10,62,35,1,23,70
Al,F,107,11,5,141,157,58,40,157,60,36,22,5,24,66,3,3,11,23,0,4,0,5,0,0,0,12,4,0,5,12
Al,Na,243,23,19,327,58,336,91,336,232,50,47,28,102,173,12,7,31,75,0,5,5,13,0,0,0,24,2,0,1,2
Al,Mg,217,32,11,288,40,91,291,291,179,40,21,10,47,125,26,10,44,117,3,4,16,9,0,0,3,18,2,0,1,11
Al,Al,911,87,61,1164,157,336,291,1190,632,200,171,63,205,456,51,42,121,293,15,61,47,63,4,0,10,64,37,1,23,70
Al,Si,472,68,21,632,60,232,179,632,632,10,42,37,156,327,29,16,67,163,3,10,13,7,1,0,2,40,13,0,1,50
Al,P,181,0,7,200,36,50,40,200,10,200,14,1,18,54,3,6,42,59,0,7,6,1,0,0,0,13,8,1,14,6
Al,S,151,3,12,171,22,47,21,171,42,14,171,21,40,54,0,2,6,26,6,23,8,7,0,0,2,4,9,0,5,6
Al,Cl,40,5,7,63,5,28,10,63,37,1,21,63,22,33,1,0,0,6,0,8,0,2,1,0,1,3,4,0,0,0
Al,K,142,7,5,204,24,102,47,205,156,18,40,22,205,95,10,2,19,47,0,7,7,9,0,0,0,22,1,0,0,0
Al,Ca,344,29,22,448,66,173,125,456,327,54,54,33,95,456,19,12,44,130,0,9,3,11,0,0,2,28,11,0,1,43
Al,Ti,27,3,0,51,3,12,26,51,29,3,0,1,10,19,51,1,4,33,0,0,5,3,0,0,1,5,0,0,0,6
Al,V,38,1,1,42,3,7,10,42,16,6,2,0,2,12,1,42,6,7,2,4,3,1,0,0,1,2,1,0,2,3
Al,Mn,100,8,2,121,11,31,44,121,67,42,6,0,19,44,4,6,121,52,0,0,9,5,0,0,2,6,2,0,0,12
Al,Fe,215,26,3,287,23,75,117,293,163,59,26,6,47,130,33,7,52,293,4,10,20,14,0,0,4,15,9,0,2,26
Al,Ni,11,0,1,12,0,0,3,15,3,0,6,0,0,0,0,2,0,4,15,4,2,0,0,0,0,0,0,0,0,0
Al,Cu,48,0,1,56,4,5,4,61,10,7,23,8,7,9,0,4,0,10,4,61,3,16,1,0,3,1,7,0,0,0
Al,Zn,40,0,1,45,0,5,16,47,13,6,8,0,7,3,5,3,9,20,2,3,47,4,0,0,1,0,0,0,0,0
Al,As,49,2,0,63,5,13,9,63,7,1,7,2,9,11,3,1,5,14,0,16,4,63,0,0,1,3,4,0,3,4
Al,Se,4,0,0,4,0,0,0,4,1,0,0,1,0,0,0,0,0,0,0,1,0,0,4,0,0,0,0,0,0,0
Al,Ag,0,0,0,0,0,0,0,0,0,0,0,0,0,0,0,0,0,0,0,0,0,0,0,0,0,0,0,0,0,0
Al,Sb,6,1,0,10,0,0,3,10,2,0,2,1,0,2,1,1,2,4,0,3,1,1,0,0,10,0,1,0,0,0
Al,Ba,55,0,7,62,12,24,18,64,40,13,4,3,22,28,5,2,6,15,0,1,0,3,0,0,0,64,0,0,0,0
Al,Pb,32,0,4,35,4,2,2,37,13,8,9,4,1,11,0,1,2,9,0,7,0,4,0,0,1,0,37,0,1,0
Al,Bi,1,0,0,1,0,0,0,1,0,1,0,0,0,0,0,0,0,0,0,0,0,0,0,0,0,0,0,1,0,0
Al,U,23,1,1,23,5,1,1,23,1,14,5,0,0,1,0,2,0,2,0,0,0,3,0,0,0,0,1,0,23,1
Al,REE,57,7,5,70,12,2,11,70,50,6,6,0,0,43,6,3,12,26,0,0,0,4,0,0,0,0,0,0,1,70
Si,H,1073,83,49,1071,122,432,223,472,1073,18,43,61,226,496,147,30,233,281,8,31,37,19,1,0,3,97,34,1,21,104
Si,B,83,127,4,126,26,43,35,68,127,3,3,9,11,50,9,4,16,31,0,0,0,3,0,0,0,15,5,0,1,23
Si,C,49,4,68,67,7,25,6,21,68,6,11,8,7,38,4,2,6,10,0,2,0,0,0,0,0,8,8,0,2,16
Si,O,1071,126,67,1613,223,605,335,632,1613,40,68,95,324,734,240,46,306,419,9,41,54,28,1,0,8,151,53,3,23,180
Si,F,122,26,7,223,230,126,52,60,230,16,8,9,65,120,68,2,40,60,0,0,2,3,0,0,0,39,4,0,0,42
Si,Na,432,43,25,605,126,608,116,232,608,19,35,47,185,275,150,10,118,157,0,4,14,4,0,0,0,59,0,0,3,53
Si,Mg,223,35,6,335,52,116,335,179,335,4,2,11,65,137,32,11,53,131,3,3,12,8,0,0,2,21,6,0,2,20
Si,Al,472,68,21,632,60,232,179,632,632,10,42,37,156,327,29,16,67,163,3,10,13,7,1,0,2,40,13,0,1,50
Si,Si,1073,127,68,1613,230,608,335,632,1641,42,68,95,328,734,246,46,308,429,12,41,54,28,1,0,8,151,53,3,23,180
Si,P,18,3,6,40,16,19,4,10,42,42,3,1,3,25,13,0,9,7,1,0,1,0,0,0,0,10,0,0,0,8
Si,S,43,3,11,68,8,35,2,42,68,3,68,17,26,48,2,0,3,4,0,5,5,1,0,0,0,7,7,0,0,2
Si,Cl,61,9,8,95,9,47,11,37,95,1,17,95,26,61,12,3,24,32,0,2,1,3,0,0,0,16,11,0,0,4
Si,K,226,11,7,324,65,185,65,156,328,3,26,26,328,146,70,3,51,75,0,4,14,1,0,0,0,42,3,0,3,14
Si,Ca,496,50,38,734,120,275,137,327,734,25,48,61,146,734,86,17,122,191,0,12,14,6,0,0,1,45,19,0,8,100
Si,Ti,147,9,4,240,68,150,32,29,246,13,2,12,70,86,246,2,52,86,0,1,8,2,0,0,0,63,0,0,0,37
Si,V,30,4,2,46,2,10,11,16,46,0,0,3,3,17,2,46,13,5,1,1,1,3,0,0,0,9,2,0,0,3
Si,Mn,233,16,6,306,40,118,53,67,308,9,3,24,51,122,52,13,308,91,0,3,18,17,0,0,6,26,9,0,0,34
Si,Fe,281,31,10,419,60,157,131,163,429,7,4,32,75,191,86,5,91,429,2,5,9,10,0,0,4,43,11,1,0,62
Si,Ni,8,0,0,9,0,0,3,3,12,1,0,0,0,0,0,1,0,2,12,1,1,0,0,0,0,0,0,0,0,0
Si,Cu,31,0,2,41,0,4,3,10,41,0,5,2,4,12,1,1,3,5,1,41,2,3,0,0,0,4,7,0,1,1
Si,Zn,37,0,0,54,2,14,12,13,54,1,5,1,14,14,8,1,18,9,1,2,54,7,0,0,1,3,6,0,0,4
Si,As,19,3,0,28,3,4,8,7,28,0,1,3,1,6,2,3,17,10,0,3,7,28,0,0,1,0,3,0,0,5
Si,Se,1,0,0,1,0,0,0,1,1,0,0,0,0,0,0,0,0,0,0,0,0,0,1,0,0,0,0,0,0,0
Si,Ag,0,0,0,0,0,0,0,0,0,0,0,0,0,0,0,0,0,0,0,0,0,0,0,0,0,0,0,0,0,0
Si,Sb,3,0,0,8,0,0,2,2,8,0,0,0,0,1,0,0,6,4,0,0,1,1,0,0,8,0,0,0,0,0
Si,Ba,97,15,8,151,39,59,21,40,151,10,7,16,42,45,63,9,26,43,0,4,3,0,0,0,0,151,4,0,1,13
Si,Pb,34,5,8,53,4,0,6,13,53,0,7,11,3,19,0,2,9,11,0,7,6,3,0,0,0,4,53,0,2,2
Si,Bi,1,0,0,3,0,0,0,0,3,0,0,0,0,0,0,0,0,1,0,0,0,0,0,0,0,0,0,3,0,0
Si,U,21,1,2,23,0,3,2,1,23,0,0,0,3,8,0,0,0,0,0,1,0,0,0,0,0,1,2,0,23,3
Si,REE,104,23,16,180,42,53,20,50,180,8,2,4,14,100,37,3,34,62,0,1,4,5,0,0,0,13,2,0,3,180
P,H,535,3,22,535,46,99,100,181,18,535,27,4,39,153,11,18,111,193,2,43,45,12,0,0,0,36,31,11,52,28
P,B,3,7,0,7,5,1,3,0,3,7,0,0,0,3,1,2,3,2,0,0,0,2,0,0,0,1,0,0,0,3
P,C,22,0,29,29,6,14,10,7,6,29,2,1,2,11,0,2,3,2,0,1,1,0,0,0,0,5,0,0,0,5
P,O,535,7,29,700,87,161,130,200,40,700,30,13,44,224,16,20,145,248,9,47,47,15,0,0,0,50,37,12,53,47
P,F,46,5,6,87,87,35,15,36,16,87,3,1,3,42,10,4,12,13,0,3,0,2,0,0,0,16,2,0,1,10
P,Na,99,1,14,161,35,161,38,50,19,161,4,4,15,66,10,2,39,53,0,4,0,5,0,0,0,14,1,0,2,14
P,Mg,100,3,10,130,15,38,130,40,4,130,1,0,8,50,2,4,38,50,0,2,5,2,0,0,0,8,0,0,3,2
P,Al,181,0,7,200,36,50,40,200,10,200,14,1,18,54,3,6,42,59,0,7,6,1,0,0,0,13,8,1,14,6
P,Si,18,3,6,40,16,19,4,10,42,42,3,1,3,25,13,0,9,7,1,0,1,0,0,0,0,10,0,0,0,8
P,P,535,7,29,700,87,161,130,200,42,723,30,13,44,224,19,21,145,259,24,47,47,15,0,0,0,50,37,12,53,47
P,S,27,0,2,30,3,4,1,14,3,30,30,0,0,6,1,0,0,10,0,4,1,1,0,0,0,1,3,0,3,2
P,Cl,4,0,1,13,1,4,0,1,1,13,0,13,1,7,0,1,2,2,0,3,0,1,0,0,0,2,2,1,0,1
P,K,39,0,2,44,3,15,8,18,3,44,0,1,44,13,3,3,7,16,0,0,0,1,0,0,0,0,0,0,3,0
P,Ca,153,3,11,224,42,66,50,54,25,224,6,7,13,224,4,2,54,82,5,8,11,3,0,0,0,17,4,1,11,14
P,Ti,11,1,0,16,10,10,2,3,13,19,1,0,3,4,19,0,4,3,0,0,0,0,0,0,0,6,0,0,0,2
P,V,18,2,2,20,4,2,4,6,0,21,0,1,3,2,0,21,1,2,1,2,0,3,0,0,0,3,2,0,1,0
P,Mn,111,3,3,145,12,39,38,42,9,145,0,2,7,54,4,1,145,81,0,0,12,1,0,0,0,8,1,0,2,4
P,Fe,193,2,2,248,13,53,50,59,7,259,10,2,16,82,3,2,81,259,9,7,19,2,0,0,0,11,10,4,6,4
P,Ni,2,0,0,9,0,0,0,0,1,24,0,0,0,5,0,1,0,9,24,0,0,0,0,0,0,0,0,0,0,0
P,Cu,43,0,1,47,3,4,2,7,0,47,4,3,0,8,0,2,0,7,0,47,7,5,0,0,0,0,7,2,3,3
P,Zn,45,0,1,47,0,0,5,6,1,47,1,0,0,11,0,0,12,19,0,7,47,3,0,0,0,0,5,0,0,0
P,As,12,2,0,15,2,5,2,1,0,15,1,1,1,3,0,3,1,2,0,5,3,15,0,0,0,0,4,1,2,0
P,Se,0,0,0,0,0,0,0,0,0,0,0,0,0,0,0,0,0,0,0,0,0,0,0,0,0,0,0,0,0,0
P,Ag,0,0,0,0,0,0,0,0,0,0,0,0,0,0,0,0,0,0,0,0,0,0,0,0,0,0,0,0,0,0
P,Sb,0,0,0,0,0,0,0,0,0,0,0,0,0,0,0,0,0,0,0,0,0,0,0,0,0,0,0,0,0,0
P,Ba,36,1,5,50,16,14,8,13,10,50,1,2,0,17,6,3,8,11,0,0,0,0,0,0,0,50,0,0,3,4
P,Pb,31,0,0,37,2,1,0,8,0,37,3,2,0,4,0,2,1,10,0,7,5,4,0,0,0,0,37,2,7,0
P,Bi,11,0,0,12,0,0,0,1,0,12,0,1,0,1,0,0,0,4,0,2,0,1,0,0,0,0,2,12,3,0
P,U,52,0,0,53,1,2,3,14,0,53,3,0,3,11,0,1,2,6,0,3,0,2,0,0,0,3,7,3,53,3
P,REE,28,3,5,47,10,14,2,6,8,47,2,1,0,14,2,0,4,4,0,3,0,0,0,0,0,4,0,0,3,47
S,H,553,9,36,553,28,109,68,151,43,27,553,36,69,99,3,12,28,134,21,96,58,23,3,1,10,6,57,4,62,13
S,B,9,9,0,9,2,3,1,3,3,0,9,2,1,8,0,0,0,2,0,0,0,0,0,0,0,0,0,0,0,0
S,C,36,0,47,47,3,17,8,12,11,2,47,6,4,14,0,0,7,4,1,5,4,1,0,0,0,1,8,0,2,6
S,O,553,9,47,691,42,166,80,171,68,30,691,66,117,129,5,14,34,149,21,126,65,25,4,3,20,11,80,11,62,15
S,F,28,2,3,42,42,16,8,22,8,3,42,10,7,20,1,0,3,1,0,0,0,0,0,0,0,2,3,0,3,5
S,Na,109,3,17,166,16,168,19,47,35,4,168,34,54,49,3,1,6,19,1,14,6,3,0,0,3,4,3,3,21,5
S,Mg,68,1,8,80,8,19,83,21,2,1,83,6,16,10,0,1,8,21,4,8,6,0,0,0,0,1,2,0,6,0
S,Al,151,3,12,171,22,47,21,171,42,14,171,21,40,54,0,2,6,26,6,23,8,7,0,0,2,4,9,0,5,6
S,Si,43,3,11,68,8,35,2,42,68,3,68,17,26,48,2,0,3,4,0,5,5,1,0,0,0,7,7,0,0,2
S,P,27,0,2,30,3,4,1,14,3,30,30,0,0,6,1,0,0,10,0,4,1,1,0,0,0,1,3,0,3,2
S,S,553,9,47,691,42,168,83,171,68,30,1296,86,127,131,7,23,58,274,71,338,98,198,21,164,192,13,273,125,62,15
S,Cl,36,2,6,66,10,34,6,21,17,0,86,86,24,19,0,0,3,10,2,15,4,5,0,4,6,1,21,5,1,2
S,K,69,1,4,117,7,54,16,40,26,0,127,24,127,36,1,4,2,32,3,22,4,2,0,0,4,3,5,2,9,0
S,Ca,99,8,14,129,20,49,10,54,48,6,131,19,36,131,1,1,5,10,0,12,6,2,1,0,2,4,4,0,3,5
S,Ti,3,0,0,5,1,3,0,0,2,1,7,0,1,1,7,0,0,2,0,0,0,0,0,0,0,2,0,0,0,0
S,V,12,0,0,14,0,1,1,2,0,0,23,0,4,1,0,23,0,1,0,5,0,4,0,0,3,0,1,0,2,0
S,Mn,28,0,7,34,3,6,8,6,3,0,58,3,2,5,0,0,58,9,1,3,7,7,0,7,11,1,10,1,2,1
S,Fe,134,2,4,149,1,19,21,26,4,10,274,10,32,10,2,1,9,274,23,79,27,23,2,22,20,4,27,8,7,0
S,Ni,21,0,1,21,0,1,4,6,0,0,71,2,3,0,0,0,1,23,71,19,0,7,0,1,9,2,5,6,1,0
S,Cu,96,0,5,126,0,14,8,23,5,4,338,15,22,12,0,5,3,79,19,338,37,56,12,50,53,2,81,48,2,1
S,Zn,58,0,4,65,0,6,6,8,5,1,98,4,4,6,0,0,7,27,0,37,98,9,0,11,7,0,10,0,2,0
S,As,23,0,1,25,0,3,0,7,1,1,198,5,2,2,0,4,7,23,7,56,9,198,2,55,63,1,67,5,0,0
S,Se,3,0,0,4,0,0,0,0,0,0,21,0,0,1,0,0,0,2,0,12,0,2,21,4,1,0,12,12,0,0
S,Ag,1,0,0,3,0,0,0,0,0,0,164,4,0,0,0,0,7,22,1,50,11,55,4,164,68,0,66,32,0,0
S,Sb,10,0,0,20,0,3,0,2,0,0,192,6,4,2,0,3,11,20,9,53,7,63,1,68,192,0,93,18,0,0
S,Ba,6,0,1,11,2,4,1,4,7,1,13,1,3,4,2,0,1,4,2,2,0,1,0,0,0,13,1,0,0,1
S,Pb,57,0,8,80,3,3,2,9,7,3,273,21,5,4,0,1,10,27,5,81,10,67,12,66,93,1,273,74,0,0
S,Bi,4,0,0,11,0,3,0,0,0,0,125,5,2,0,0,0,1,8,6,48,0,5,12,32,18,0,74,125,0,0
S,U,62,0,2,62,3,21,6,5,0,3,62,1,9,3,0,2,2,7,1,2,2,0,0,0,0,0,0,0,62,2
S,REE,13,0,6,15,5,5,0,6,2,2,15,2,0,5,0,0,1,0,0,1,0,0,0,0,0,1,0,0,2,15
Cl,H,250,30,23,245,15,57,35,40,61,4,36,250,36,80,8,4,32,48,6,66,12,20,2,3,3,12,44,2,2,5
Cl,B,30,39,3,39,3,4,13,5,9,0,2,39,5,19,3,1,4,6,0,1,1,0,0,0,0,4,4,0,0,1
Cl,C,23,3,33,33,2,10,6,7,8,1,6,33,3,12,0,0,3,1,0,6,0,0,0,0,0,3,7,0,0,3
Cl,O,245,39,33,384,27,92,48,63,95,13,66,384,64,113,13,15,39,63,6,98,16,43,13,5,10,20,87,6,2,8
Cl,F,15,3,2,27,31,14,2,5,9,1,10,31,5,12,3,0,3,1,0,4,0,3,0,1,0,6,9,0,0,5
Cl,Na,57,4,10,92,14,95,7,28,47,4,34,95,31,50,7,1,16,26,0,14,1,14,1,0,1,3,3,1,1,5
Cl,Mg,35,13,6,48,2,7,49,10,11,0,6,49,6,14,3,0,4,10,0,6,1,4,0,0,0,3,3,0,0,1
Cl,Al,40,5,7,63,5,28,10,63,37,1,21,63,22,33,1,0,0,6,0,8,0,2,1,0,1,3,4,0,0,0
Cl,Si,61,9,8,95,9,47,11,37,95,1,17,95,26,61,12,3,24,32,0,2,1,3,0,0,0,16,11,0,0,4
Cl,P,4,0,1,13,1,4,0,1,1,13,0,13,1,7,0,1,2,2,0,3,0,1,0,0,0,2,2,1,0,1
Cl,S,36,2,6,66,10,34,6,21,17,0,86,86,24,19,0,0,3,10,2,15,4,5,0,4,6,1,21,5,1,2
Cl,Cl,250,39,33,384,31,95,49,63,95,13,86,439,77,115,13,15,42,70,9,104,18,48,13,9,13,21,103,11,2,8
Cl,K,36,5,3,64,5,31,6,22,26,1,24,77,77,27,3,4,4,16,1,18,6,5,3,1,0,2,7,1,0,1
Cl,Ca,80,19,12,113,12,50,14,33,61,7,19,115,27,115,7,0,18,28,0,13,1,12,0,0,2,6,6,1,0,4
Cl,Ti,8,3,0,13,3,7,3,1,12,0,0,13,3,7,13,1,6,7,0,1,0,1,0,0,0,7,0,0,0,1
Cl,V,4,1,0,15,0,1,0,0,3,1,0,15,4,0,1,15,1,0,0,7,0,5,0,0,0,1,7,0,0,0
Cl,Mn,32,4,3,39,3,16,4,0,24,2,3,42,4,18,6,1,42,13,0,2,1,4,0,0,0,6,4,0,0,3
Cl,Fe,48,6,1,63,1,26,10,6,32,2,10,70,16,28,7,0,13,70,5,8,1,5,0,0,0,7,8,2,0,2
Cl,Ni,6,0,0,6,0,0,0,0,0,0,2,9,1,0,0,0,0,5,9,4,0,0,0,0,0,0,0,0,0,0
Cl,Cu,66,1,6,98,4,14,6,8,2,3,15,104,18,13,1,7,2,8,4,104,7,16,11,3,4,0,22,3,0,1
Cl,Zn,12,1,0,16,0,1,1,0,1,0,4,18,6,1,0,0,1,1,0,7,18,2,2,1,0,0,3,0,0,0
Cl,As,20,0,0,43,3,14,4,2,3,1,5,48,5,12,1,5,4,5,0,16,2,48,0,1,4,1,21,2,0,0
Cl,Se,2,0,0,13,0,1,0,1,0,0,0,13,3,0,0,0,0,0,0,11,2,0,13,0,0,0,4,1,0,0
Cl,Ag,3,0,0,5,1,0,0,0,0,0,4,9,1,0,0,0,0,0,0,3,1,1,0,9,1,0,4,0,0,0
Cl,Sb,3,0,0,10,0,1,0,1,0,0,6,13,0,2,0,0,0,0,0,4,0,4,0,1,13,0,9,0,0,0
Cl,Ba,12,4,3,20,6,3,3,3,16,2,1,21,2,6,7,1,6,7,0,0,0,1,0,0,0,21,2,0,0,3
Cl,Pb,44,4,7,87,9,3,3,4,11,2,21,103,7,6,0,7,4,8,0,22,3,21,4,4,9,2,103,3,0,1
Cl,Bi,2,0,0,6,0,1,0,0,0,1,5,11,1,1,0,0,0,2,0,3,0,2,1,0,0,0,3,11,0,0
Cl,U,2,0,0,2,0,1,0,0,0,0,1,2,0,0,0,0,0,0,0,0,0,0,0,0,0,0,0,0,2,0
Cl,REE,5,1,3,8,5,5,1,0,4,1,2,8,1,4,1,0,3,2,0,1,0,0,0,0,0,3,1,0,0,8
K,H,376,11,15,376,42,176,73,142,226,39,69,36,376,143,58,16,52,100,1,17,11,14,1,1,3,41,6,1,29,9
K,B,11,22,0,20,6,7,4,7,11,0,1,5,22,7,1,0,1,0,0,0,1,0,0,0,0,4,3,0,0,2
K,C,15,0,23,23,2,12,3,5,7,2,4,3,23,14,0,1,0,1,0,1,0,0,0,0,0,1,0,0,4,2
K,O,376,20,23,561,67,249,100,204,324,44,117,64,561,190,83,23,64,132,1,45,21,30,4,1,3,47,15,2,31,16
K,F,42,6,2,67,75,36,17,24,65,3,7,5,75,29,16,0,16,19,0,0,0,0,0,0,0,11,3,0,0,3
K,Na,176,7,12,249,36,254,47,102,185,15,54,31,254,121,46,6,39,56,0,11,6,8,2,0,2,30,3,1,5,9
K,Mg,73,4,3,100,17,47,101,47,65,8,16,6,101,28,13,5,12,35,0,1,3,2,1,0,0,11,1,0,1,0
K,Al,142,7,5,204,24,102,47,205,156,18,40,22,205,95,10,2,19,47,0,7,7,9,0,0,0,22,1,0,0,0
K,Si,226,11,7,324,65,185,65,156,328,3,26,26,328,146,70,3,51,75,0,4,14,1,0,0,0,42,3,0,3,14
K,P,39,0,2,44,3,15,8,18,3,44,0,1,44,13,3,3,7,16,0,0,0,1,0,0,0,0,0,0,3,0
K,S,69,1,4,117,7,54,16,40,26,0,127,24,127,36,1,4,2,32,3,22,4,2,0,0,4,3,5,2,9,0
K,Cl,36,5,3,64,5,31,6,22,26,1,24,77,77,27,3,4,4,16,1,18,6,5,3,1,0,2,7,1,0,1
K,K,376,22,23,561,75,254,101,205,328,44,127,77,590,191,83,24,66,142,3,50,23,30,4,1,4,48,18,2,31,16
K,Ca,143,7,14,190,29,121,28,95,146,13,36,27,191,191,22,4,16,32,0,5,4,3,0,0,0,25,6,0,8,10
K,Ti,58,1,0,83,16,46,13,10,70,3,1,3,83,22,83,0,20,28,0,0,4,4,0,0,0,22,1,0,0,4
K,V,16,0,1,23,0,6,5,2,3,3,4,4,24,4,0,24,3,3,0,3,0,2,0,0,0,1,1,0,4,0
K,Mn,52,1,0,64,16,39,12,19,51,7,2,4,66,16,20,3,66,22,0,0,4,0,0,0,0,10,0,0,1,1
K,Fe,100,0,1,132,19,56,35,47,75,16,32,16,142,32,28,3,22,142,2,10,3,6,0,0,0,15,3,1,1,1
K,Ni,1,0,0,1,0,0,0,0,0,0,3,1,3,0,0,0,0,2,3,2,0,0,0,0,0,1,0,0,0,0
K,Cu,17,0,1,45,0,11,1,7,4,0,22,18,50,5,0,3,0,10,2,50,1,11,3,1,1,2,6,1,0,0
K,Zn,11,1,0,21,0,6,3,7,14,0,4,6,23,4,4,0,4,3,0,1,23,2,1,0,0,1,1,0,0,0
K,As,14,0,0,30,0,8,2,9,1,1,2,5,30,3,4,2,0,6,0,11,2,30,0,0,1,0,2,0,2,0
K,Se,1,0,0,4,0,2,1,0,0,0,0,3,4,0,0,0,0,0,0,3,1,0,4,0,0,0,1,0,0,0
K,Ag,1,0,0,1,0,0,0,0,0,0,0,1,1,0,0,0,0,0,0,1,0,0,0,1,0,0,1,0,0,0
K,Sb,3,0,0,3,0,2,0,0,0,0,4,0,4,0,0,0,0,0,0,1,0,1,0,0,4,0,1,0,0,0
K,Ba,41,4,1,47,11,30,11,22,42,0,3,2,48,25,22,1,10,15,1,2,1,0,0,0,0,48,4,0,1,6
K,Pb,6,3,0,15,3,3,1,1,3,0,5,7,18,6,1,1,0,3,0,6,1,2,1,1,1,4,18,0,3,2
K,Bi,1,0,0,2,0,1,0,0,0,0,2,1,2,0,0,0,0,1,0,1,0,0,0,0,0,0,0,2,0,0
K,U,29,0,4,31,0,5,1,0,3,3,9,0,31,8,0,4,1,1,0,0,0,2,0,0,0,1,3,0,31,0
K,REE,9,2,2,16,3,9,0,0,14,0,0,1,16,10,4,0,1,1,0,0,0,0,0,0,0,6,2,0,0,16
Ca,H,1038,93,110,1038,96,296,177,344,496,153,99,80,143,1038,58,60,165,229,4,57,34,114,3,0,6,46,23,2,61,95
Ca,B,93,120,8,120,17,16,24,29,50,3,8,19,7,120,3,0,10,18,0,2,0,5,0,0,0,7,3,0,1,18
Ca,C,110,8,159,159,23,45,21,22,38,11,14,12,14,159,0,4,10,6,0,7,3,2,0,0,0,17,3,2,25,34
Ca,O,1038,120,159,1485,201,438,260,448,734,224,129,113,190,1485,124,72,220,342,8,68,45,142,3,0,18,75,39,4,69,156
Ca,F,96,17,23,201,214,100,38,66,120,42,20,12,29,214,28,4,24,30,0,1,0,8,0,0,1,23,7,1,4,45
Ca,Na,296,16,45,438,100,443,93,173,275,66,49,50,121,443,54,14,84,112,0,14,5,34,0,0,1,29,6,0,10,44
Ca,Mg,177,24,21,260,38,93,263,125,137,50,10,14,28,263,17,12,40,98,0,7,8,28,0,0,1,14,3,0,5,19
Ca,Al,344,29,22,448,66,173,125,456,327,54,54,33,95,456,19,12,44,130,0,9,3,11,0,0,2,28,11,0,1,43
Ca,Si,496,50,38,734,120,275,137,327,734,25,48,61,146,734,86,17,122,191,0,12,14,6,0,0,1,45,19,0,8,100
Ca,P,153,3,11,224,42,66,50,54,25,224,6,7,13,224,4,2,54,82,5,8,11,3,0,0,0,17,4,1,11,14
Ca,S,99,8,14,129,20,49,10,54,48,6,131,19,36,131,1,1,5,10,0,12,6,2,1,0,2,4,4,0,3,5
Ca,Cl,80,19,12,113,12,50,14,33,61,7,19,115,27,115,7,0,18,28,0,13,1,12,0,0,2,6,6,1,0,4
Ca,K,143,7,14,190,29,121,28,95,146,13,36,27,191,191,22,4,16,32,0,5,4,3,0,0,0,25,6,0,8,10
Ca,Ca,1038,120,159,1485,214,443,263,456,734,224,131,115,191,1501,124,72,220,342,8,69,45,142,3,0,18,76,41,4,69,158
Ca,Ti,58,3,0,124,28,54,17,19,86,4,1,7,22,124,124,0,29,47,0,0,0,2,0,0,2,12,0,0,5,26
Ca,V,60,0,4,72,4,14,12,12,17,2,1,0,4,72,0,72,6,8,0,1,0,7,0,0,0,3,1,0,3,1
Ca,Mn,165,10,10,220,24,84,40,44,122,54,5,18,16,220,29,6,220,88,0,1,11,20,0,0,2,12,6,0,0,19
Ca,Fe,229,18,6,342,30,112,98,130,191,82,10,28,32,342,47,8,88,342,2,11,10,30,0,0,5,18,8,2,4,43
Ca,Ni,4,0,0,8,0,0,0,0,0,5,0,0,0,8,0,0,0,2,8,0,0,3,0,0,0,0,0,0,0,0
Ca,Cu,57,2,7,68,1,14,7,9,12,8,12,13,5,69,0,1,1,11,0,69,5,28,1,0,2,1,6,2,3,3
Ca,Zn,34,0,3,45,0,5,8,3,14,11,6,1,4,45,0,0,11,10,0,5,45,10,0,0,0,0,1,0,1,2
Ca,As,114,5,2,142,8,34,28,11,6,3,2,12,3,142,2,7,20,30,3,28,10,142,0,0,4,1,5,1,3,6
Ca,Se,3,0,0,3,0,0,0,0,0,0,1,0,0,3,0,0,0,0,0,1,0,0,3,0,0,0,1,0,1,0
Ca,Ag,0,0,0,0,0,0,0,0,0,0,0,0,0,0,0,0,0,0,0,0,0,0,0,0,0,0,0,0,0,0
Ca,Sb,6,0,0,18,1,1,1,2,1,0,2,2,0,18,2,0,2,5,0,2,0,4,0,0,18,0,1,0,0,0
Ca,Ba,46,7,17,75,23,29,14,28,45,17,4,6,25,76,12,3,12,18,0,1,0,1,0,0,0,76,6,0,3,10
Ca,Pb,23,3,3,39,7,6,3,11,19,4,4,6,6,41,0,1,6,8,0,6,1,5,1,0,1,6,41,0,4,2
Ca,Bi,2,0,2,4,1,0,0,0,0,1,0,1,0,4,0,0,0,2,0,2,0,1,0,0,0,0,0,4,0,0
Ca,U,61,1,25,69,4,10,5,1,8,11,3,0,8,69,5,3,0,4,0,3,1,3,1,0,0,3,4,0,69,5
Ca,REE,95,18,34,156,45,44,19,43,100,14,5,4,10,158,26,1,19,43,0,3,2,6,0,0,0,10,2,0,5,158
Ti,H,205,5,2,205,49,105,23,27,147,11,3,8,58,58,205,10,51,82,0,2,17,6,0,0,4,47,3,0,10,37
Ti,B,5,12,0,11,2,3,4,3,9,1,0,3,1,3,12,1,1,5,0,0,0,0,0,0,0,6,0,0,0,2
Ti,C,2,0,6,5,1,4,0,0,4,0,0,0,0,0,6,1,0,2,0,0,0,0,0,0,0,1,0,0,0,3
Ti,O,205,11,5,398,78,169,58,51,240,16,5,13,83,124,398,18,73,161,0,3,19,15,0,0,5,75,10,0,18,68
Ti,F,49,2,1,78,78,60,6,3,68,10,1,3,16,28,78,3,25,28,0,1,3,2,0,0,0,29,0,0,2,15
Ti,Na,105,3,4,169,60,169,20,12,150,10,3,7,46,54,169,1,42,55,0,2,7,5,0,0,1,42,2,0,2,22
Ti,Mg,23,4,0,58,6,20,58,26,32,2,0,3,13,17,58,1,6,43,0,0,3,1,0,0,0,13,0,0,0,6
Ti,Al,27,3,0,51,3,12,26,51,29,3,0,1,10,19,51,1,4,33,0,0,5,3,0,0,1,5,0,0,0,6
Ti,Si,147,9,4,240,68,150,32,29,246,13,2,12,70,86,246,2,52,86,0,1,8,2,0,0,0,63,0,0,0,37
Ti,P,11,1,0,16,10,10,2,3,13,19,1,0,3,4,19,0,4,3,0,0,0,0,0,0,0,6,0,0,0,2
Ti,S,3,0,0,5,1,3,0,0,2,1,7,0,1,1,7,0,0,2,0,0,0,0,0,0,0,2,0,0,0,0
Ti,Cl,8,3,0,13,3,7,3,1,12,0,0,13,3,7,13,1,6,7,0,1,0,1,0,0,0,7,0,0,0,1
Ti,K,58,1,0,83,16,46,13,10,70,3,1,3,83,22,83,0,20,28,0,0,4,4,0,0,0,22,1,0,0,4
Ti,Ca,58,3,0,124,28,54,17,19,86,4,1,7,22,124,124,0,29,47,0,0,0,2,0,0,2,12,0,0,5,26
Ti,Ti,205,12,6,398,78,169,58,51,246,19,7,13,83,124,412,19,73,166,0,3,19,15,0,0,5,75,10,0,18,68
Ti,V,10,1,1,18,3,1,1,1,2,0,0,1,0,0,19,19,3,8,0,0,1,3,0,0,1,4,2,0,4,4
Ti,Mn,51,1,0,73,25,42,6,4,52,4,0,6,20,29,73,3,73,36,0,0,5,1,0,0,1,15,5,0,3,9
Ti,Fe,82,5,2,161,28,55,43,33,86,3,2,7,28,47,166,8,36,166,0,0,11,7,0,0,2,32,8,0,10,33
Ti,Ni,0,0,0,0,0,0,0,0,0,0,0,0,0,0,0,0,0,0,0,0,0,0,0,0,0,0,0,0,0,0
Ti,Cu,2,0,0,3,1,2,0,0,1,0,0,1,0,0,3,0,0,0,0,3,0,2,0,0,1,0,0,0,0,0
Ti,Zn,17,0,0,19,3,7,3,5,8,0,0,0,4,0,19,1,5,11,0,0,19,0,0,0,0,2,3,0,2,4
Ti,As,6,0,0,15,2,5,1,3,2,0,0,1,4,2,15,3,1,7,0,2,0,15,0,0,2,1,1,0,0,1
Ti,Se,0,0,0,0,0,0,0,0,0,0,0,0,0,0,0,0,0,0,0,0,0,0,0,0,0,0,0,0,0,0
Ti,Ag,0,0,0,0,0,0,0,0,0,0,0,0,0,0,0,0,0,0,0,0,0,0,0,0,0,0,0,0,0,0
Ti,Sb,4,0,0,5,0,1,0,1,0,0,0,0,0,2,5,1,1,2,0,1,0,2,0,0,5,0,0,0,0,0
Ti,Ba,47,6,1,75,29,42,13,5,63,6,2,7,22,12,75,4,15,32,0,0,2,1,0,0,0,75,0,0,0,10
Ti,Pb,3,0,0,10,0,2,0,0,0,0,0,0,1,0,10,2,5,8,0,0,3,1,0,0,0,0,10,0,5,6
Ti,Bi,0,0,0,0,0,0,0,0,0,0,0,0,0,0,0,0,0,0,0,0,0,0,0,0,0,0,0,0,0,0
Ti,U,10,0,0,18,2,2,0,0,0,0,0,0,0,5,18,4,3,10,0,0,2,0,0,0,0,0,5,0,18,11
Ti,REE,37,2,3,68,15,22,6,6,37,2,0,1,4,26,68,4,9,33,0,0,4,1,0,0,0,10,6,0,11,68
V,H,191,4,6,190,6,29,29,38,30,18,12,4,16,60,10,191,27,29,3,13,7,13,0,0,1,13,15,5,21,7
V,B,4,6,0,6,2,3,5,1,4,2,0,1,0,0,1,6,0,0,0,0,0,2,0,0,0,1,0,0,0,0
V,C,6,0,7,6,1,1,1,1,2,2,0,0,1,4,1,7,1,1,0,0,0,0,0,0,0,1,0,0,0,0
V,O,190,6,6,273,12,37,37,42,46,20,14,15,23,72,18,273,33,41,3,32,8,22,0,1,2,22,26,8,21,11
V,F,6,2,1,12,12,0,3,3,2,4,0,0,0,4,3,12,0,3,0,2,0,3,0,0,0,3,1,0,2,2
V,Na,29,3,1,37,0,37,14,7,10,2,1,1,6,14,1,37,6,4,0,1,0,3,0,0,0,1,0,0,1,0
V,Mg,29,5,1,37,3,14,37,10,11,4,1,0,5,12,1,37,5,6,0,1,0,4,0,0,0,1,0,0,0,0
V,Al,38,1,1,42,3,7,10,42,16,6,2,0,2,12,1,42,6,7,2,4,3,1,0,0,1,2,1,0,2,3
V,Si,30,4,2,46,2,10,11,16,46,0,0,3,3,17,2,46,13,5,1,1,1,3,0,0,0,9,2,0,0,3
V,P,18,2,2,20,4,2,4,6,0,21,0,1,3,2,0,21,1,2,1,2,0,3,0,0,0,3,2,0,1,0
V,S,12,0,0,14,0,1,1,2,0,0,23,0,4,1,0,23,0,1,0,5,0,4,0,0,3,0,1,0,2,0
V,Cl,4,1,0,15,0,1,0,0,3,1,0,15,4,0,1,15,1,0,0,7,0,5,0,0,0,1,7,0,0,0
V,K,16,0,1,23,0,6,5,2,3,3,4,4,24,4,0,24,3,3,0,3,0,2,0,0,0,1,1,0,4,0
V,Ca,60,0,4,72,4,14,12,12,17,2,1,0,4,72,0,72,6,8,0,1,0,7,0,0,0,3,1,0,3,1
V,Ti,10,1,1,18,3,1,1,1,2,0,0,1,0,0,19,19,3,8,0,0,1,3,0,0,1,4,2,0,4,4
V,V,191,6,7,273,12,37,37,42,46,21,23,15,24,72,19,287,33,42,4,37,8,26,0,1,5,22,27,8,21,11
V,Mn,27,0,1,33,0,6,5,6,13,1,0,1,3,6,3,33,33,6,0,0,1,3,0,0,0,2,5,0,3,3
V,Fe,29,0,1,41,3,4,6,7,5,2,1,0,3,8,8,42,6,42,0,5,1,2,0,0,1,2,7,0,4,5
V,Ni,3,0,0,3,0,0,0,2,1,1,0,0,0,0,0,4,0,0,4,1,3,0,0,0,0,0,0,0,0,0
V,Cu,13,0,0,32,2,1,1,4,1,2,5,7,3,1,0,37,0,5,1,37,1,7,0,0,2,1,3,2,1,0
V,Zn,7,0,0,8,0,0,0,3,1,0,0,0,0,0,1,8,1,1,3,1,8,0,0,0,0,0,3,0,1,1
V,As,13,2,0,22,3,3,4,1,3,3,4,5,2,7,3,26,3,2,0,7,0,26,0,1,3,1,4,0,0,0
V,Se,0,0,0,0,0,0,0,0,0,0,0,0,0,0,0,0,0,0,0,0,0,0,0,0,0,0,0,0,0,0
V,Ag,0,0,0,1,0,0,0,0,0,0,0,0,0,0,0,1,0,0,0,0,0,1,0,1,0,0,0,0,0,0
V,Sb,1,0,0,2,0,0,0,1,0,0,3,0,0,0,1,5,0,1,0,2,0,3,0,0,5,0,1,0,0,0
V,Ba,13,1,1,22,3,1,1,2,9,3,0,1,1,3,4,22,2,2,0,1,0,1,0,0,0,22,0,0,1,0
V,Pb,15,0,0,26,1,0,0,1,2,2,1,7,1,1,2,27,5,7,0,3,3,4,0,0,1,0,27,1,2,1
V,Bi,5,0,0,8,0,0,0,0,0,0,0,0,0,0,0,8,0,0,0,2,0,0,0,0,0,0,1,8,0,0
V,U,21,0,0,21,2,1,0,2,0,1,2,0,4,3,4,21,3,4,0,1,1,0,0,0,0,1,2,0,21,4
V,REE,7,0,0,11,2,0,0,3,3,0,0,0,0,1,4,11,3,5,0,0,1,0,0,0,0,0,1,0,4,11
Mn,H,481,17,19,481,40,123,90,100,233,111,28,32,52,165,51,27,481,152,3,7,42,70,0,0,3,35,20,0,6,26
Mn,B,17,33,1,33,4,7,11,8,16,3,0,4,1,10,1,0,33,8,0,0,0,0,0,0,3,1,1,0,0,4
Mn,C,19,1,28,28,3,11,6,2,6,3,7,3,0,10,0,1,28,2,0,0,2,2,0,0,0,0,2,0,0,5
Mn,O,481,33,28,673,53,179,127,121,306,145,34,39,64,220,73,33,673,218,3,11,54,80,0,0,17,40,37,0,7,44
Mn,F,40,4,3,53,53,38,6,11,40,12,3,3,16,24,25,0,53,19,0,0,0,0,0,0,0,11,0,0,0,7
Mn,Na,123,7,11,179,38,180,35,31,118,39,6,16,39,84,42,6,180,70,0,0,5,13,0,0,0,15,2,0,1,16
Mn,Mg,90,11,6,127,6,35,128,44,53,38,8,4,12,40,6,5,128,66,0,0,23,17,0,0,5,8,4,0,0,4
Mn,Al,100,8,2,121,11,31,44,121,67,42,6,0,19,44,4,6,121,52,0,0,9,5,0,0,2,6,2,0,0,12
Mn,Si,233,16,6,306,40,118,53,67,308,9,3,24,51,122,52,13,308,91,0,3,18,17,0,0,6,26,9,0,0,34
Mn,P,111,3,3,145,12,39,38,42,9,145,0,2,7,54,4,1,145,81,0,0,12,1,0,0,0,8,1,0,2,4
Mn,S,28,0,7,34,3,6,8,6,3,0,58,3,2,5,0,0,58,9,1,3,7,7,0,7,11,1,10,1,2,1
Mn,Cl,32,4,3,39,3,16,4,0,24,2,3,42,4,18,6,1,42,13,0,2,1,4,0,0,0,6,4,0,0,3
Mn,K,52,1,0,64,16,39,12,19,51,7,2,4,66,16,20,3,66,22,0,0,4,0,0,0,0,10,0,0,1,1
Mn,Ca,165,10,10,220,24,84,40,44,122,54,5,18,16,220,29,6,220,88,0,1,11,20,0,0,2,12,6,0,0,19
Mn,Ti,51,1,0,73,25,42,6,4,52,4,0,6,20,29,73,3,73,36,0,0,5,1,0,0,1,15,5,0,3,9
Mn,V,27,0,1,33,0,6,5,6,13,1,0,1,3,6,3,33,33,6,0,0,1,3,0,0,0,2,5,0,3,3
Mn,Mn,481,33,28,673,53,180,128,121,308,145,58,42,66,220,73,33,702,221,3,13,55,87,0,7,28,40,44,1,7,44
Mn,Fe,152,8,2,218,19,70,66,52,91,81,9,13,22,88,36,6,221,221,0,2,28,15,0,1,9,13,15,0,3,20
Mn,Ni,3,0,0,3,0,0,0,0,0,0,1,0,0,0,0,0,3,0,3,0,0,0,0,0,0,0,0,0,0,0
Mn,Cu,7,0,0,11,0,0,0,0,3,0,3,2,0,1,0,0,13,2,0,13,0,5,0,0,1,0,0,0,0,1
Mn,Zn,42,0,2,54,0,5,23,9,18,12,7,1,4,11,5,1,55,28,0,0,55,10,0,0,1,0,5,0,1,4
Mn,As,70,0,2,80,0,13,17,5,17,1,7,4,0,20,1,3,87,15,0,5,10,87,0,3,7,1,8,0,0,4
Mn,Se,0,0,0,0,0,0,0,0,0,0,0,0,0,0,0,0,0,0,0,0,0,0,0,0,0,0,0,0,0,0
