zaxis,yaxis,H,B,C,O,F,Na,Mg,Al,Si,P,S,Cl,K,Ca,Ti,V,Mn,Fe,Ni,Cu,Zn,As,Se,Ag,Sb,Ba,Pb,Bi,U,REE
H,H,3233,193,331,3209,141,642,473,817,1023,524,534,211,286,918,145,181,407,662,64,359,210,397,26,3,32,134,230,42,272,187
H,B,193,193,13,192,10,50,55,52,73,3,8,24,9,89,3,3,15,18,0,4,0,2,0,0,0,4,5,0,0,7
H,C,331,13,331,317,12,65,55,50,46,17,30,19,11,97,2,6,17,22,12,36,15,4,0,0,0,12,28,0,41,56
H,O,3209,192,317,3209,138,642,473,817,1021,524,534,205,286,918,145,180,407,662,63,358,210,397,26,3,32,134,229,41,272,187
H,F,141,10,12,138,141,54,22,79,58,30,24,8,14,58,18,2,14,15,0,6,1,3,0,0,0,16,6,0,8,14
H,Na,642,50,65,642,54,642,106,182,355,89,102,38,81,186,81,28,81,129,2,16,11,36,2,0,4,42,3,1,33,37
H,Mg,473,55,55,473,22,106,473,147,161,86,61,28,50,131,11,24,42,78,2,16,16,40,1,0,2,11,7,1,24,15
H,Al,817,52,50,817,79,182,147,817,401,169,135,33,81,269,9,31,70,136,6,39,23,42,4,0,5,34,27,1,21,56
H,Si,1023,73,46,1021,58,355,161,401,1023,15,36,35,161,423,116,27,185,215,7,29,32,17,1,0,2,76,33,1,20,94
H,P,524,3,17,524,30,89,86,169,15,524,21,1,32,134,9,14,98,176,2,40,44,9,0,0,0,32,27,11,51,24
H,S,534,8,30,534,24,102,61,135,36,21,534,29,53,85,2,12,24,122,15,87,48,21,3,1,10,5,54,4,61,12
H,Cl,211,24,19,205,8,38,28,33,35,1,29,211,25,53,2,3,17,31,5,61,9,14,2,2,3,9,39,1,2,3
H,K,286,9,11,286,14,81,50,81,161,32,53,25,286,75,30,10,28,71,1,16,7,12,1,1,2,8,3,0,27,3
H,Ca,918,89,97,918,58,186,131,269,423,134,85,53,75,918,32,55,111,171,4,50,30,112,3,0,5,18,13,1,54,67
H,Ti,145,3,2,145,18,81,11,9,116,9,2,2,30,32,145,4,22,36,0,2,8,5,0,0,2,36,1,0,2,16
H,V,181,3,6,180,2,28,24,31,27,14,12,3,10,55,4,181,22,16,2,11,5,10,0,0,0,11,14,5,16,3
H,Mn,407,15,17,407,14,81,42,70,185,98,24,17,28,111,22,22,407,78,2,7,31,66,0,0,2,21,19,0,4,17
H,Fe,662,18,22,662,15,129,78,136,215,176,122,31,71,171,36,16,78,662,6,22,40,86,1,1,6,32,36,7,13,34
H,Ni,64,0,12,63,0,2,2,6,7,2,15,5,1,4,0,2,2,6,64,4,1,11,1,0,2,0,1,1,4,0
H,Cu,359,4,36,358,6,16,16,39,29,40,87,61,16,50,2,11,7,22,4,359,25,94,12,2,5,1,59,8,18,11
H,Zn,210,0,15,210,1,11,16,23,32,44,48,9,7,30,8,5,31,40,1,25,210,54,0,1,3,2,26,0,4,1
H,As,397,2,4,397,3,36,40,42,17,9,21,14,12,112,5,10,66,86,11,94,54,397,0,0,9,9,48,12,36,14
H,Se,26,0,0,26,0,2,1,4,1,0,3,2,1,3,0,0,0,1,1,12,0,0,26,0,0,1,8,1,8,0
H,Ag,3,0,0,3,0,0,0,0,0,0,1,2,1,0,0,0,0,1,0,2,1,0,0,3,0,0,2,0,0,0
H,Sb,32,0,0,32,0,4,2,5,2,0,10,3,2,5,2,0,2,6,2,5,3,9,0,0,32,0,4,0,0,0
H,Ba,134,4,12,134,16,42,11,34,76,32,5,9,8,18,36,11,21,32,0,1,2,9,1,0,0,134,2,0,13,11
H,Pb,230,5,28,229,6,3,7,27,33,27,54,39,3,13,1,14,19,36,1,59,26,48,8,2,4,2,230,4,28,3
H,Bi,42,0,0,41,0,1,1,1,1,11,4,1,0,1,0,5,0,7,1,8,0,12,1,0,0,0,4,42,7,0
H,U,272,0,41,272,8,33,24,21,20,51,61,2,27,54,2,16,4,13,4,18,4,36,8,0,0,13,28,7,272,12
H,REE,187,7,56,187,14,37,15,56,94,24,12,3,3,67,16,3,17,34,0,11,1,14,0,0,0,11,3,0,12,187
B,H,193,193,13,192,10,50,55,52,73,3,8,24,9,89,3,3,15,18,0,4,0,2,0,0,0,4,5,0,0,7
B,B,193,297,14,291,30,61,88,80,122,7,8,33,17,116,8,5,28,38,1,6,1,6,0,0,2,14,6,0,0,20
B,C,13,14,14,14,1,1,7,2,4,0,0,1,0,8,0,0,1,0,0,1,0,0,0,0,0,0,3,0,0,1
B,O,192,291,14,291,26,59,88,80,121,7,8,33,15,116,7,5,28,38,1,6,1,6,0,0,2,14,6,0,0,20
B,F,10,30,1,26,30,10,9,8,20,4,0,1,2,11,0,1,1,5,0,0,0,2,0,0,0,3,2,0,0,6
B,Na,50,61,1,59,10,61,14,21,40,0,2,3,6,9,3,3,6,8,0,0,0,0,0,0,0,4,0,0,0,1
B,Mg,55,88,7,88,9,14,88,25,28,3,1,6,4,22,0,4,5,8,0,0,0,2,0,0,1,0,2,0,0,1
B,Al,52,80,2,80,8,21,25,80,64,0,2,3,6,27,2,1,7,16,0,0,0,2,0,0,0,0,0,0,0,7
B,Si,73,122,4,121,20,40,28,64,122,3,1,5,8,46,7,4,14,25,0,0,0,3,0,0,0,14,3,0,0,17
B,P,3,7,0,7,4,0,3,0,3,7,0,0,0,3,1,1,1,2,0,0,0,0,0,0,0,1,0,0,0,2
B,S,8,8,0,8,0,2,1,2,1,0,8,1,0,6,0,0,0,1,0,0,0,0,0,0,0,0,0,0,0,0
B,Cl,24,33,1,33,1,3,6,3,5,0,1,33,4,14,1,1,3,4,0,1,1,0,0,0,0,3,3,0,0,0
B,K,9,17,0,15,2,6,4,6,8,0,0,4,17,3,1,0,1,0,0,0,1,0,0,0,0,1,0,0,0,0
B,Ca,89,116,8,116,11,9,22,27,46,3,6,14,3,116,3,0,6,14,0,2,0,5,0,0,0,5,1,0,0,12
B,Ti,3,8,0,7,0,3,0,2,7,1,0,1,1,3,8,0,1,1,0,0,0,0,0,0,0,4,0,0,0,1
B,V,3,5,0,5,1,3,4,1,4,1,0,1,0,0,0,5,0,0,0,0,0,0,0,0,0,1,0,0,0,0
B,Mn,15,28,1,28,1,6,5,7,14,1,0,3,1,6,1,0,28,1,0,0,0,0,0,0,2,1,1,0,0,2
B,Fe,18,38,0,38,5,8,8,16,25,2,1,4,0,14,1,0,1,38,1,1,0,1,0,0,0,1,0,0,0,6
B,Ni,0,1,0,1,0,0,0,0,0,0,0,0,0,0,0,0,0,1,1,0,0,0,0,0,0,0,0,0,0,0
B,Cu,4,6,1,6,0,0,0,0,0,0,0,1,0,2,0,0,0,1,0,6,0,0,0,0,0,0,0,0,0,0
B,Zn,0,1,0,1,0,0,0,0,0,0,0,1,1,0,0,0,0,0,0,0,1,0,0,0,0,0,0,0,0,0
B,As,2,6,0,6,2,0,2,2,3,0,0,0,0,5,0,0,0,1,0,0,0,6,0,0,0,0,0,0,0,2
B,Se,0,0,0,0,0,0,0,0,0,0,0,0,0,0,0,0,0,0,0,0,0,0,0,0,0,0,0,0,0,0
B,Ag,0,0,0,0,0,0,0,0,0,0,0,0,0,0,0,0,0,0,0,0,0,0,0,0,0,0,0,0,0,0
B,Sb,0,2,0,2,0,0,1,0,0,0,0,0,0,0,0,0,2,0,0,0,0,0,0,0,2,0,0,0,0,0
B,Ba,4,14,0,14,3,4,0,0,14,1,0,3,1,5,4,1,1,1,0,0,0,0,0,0,0,14,0,0,0,2
B,Pb,5,6,3,6,2,0,2,0,3,0,0,3,0,1,0,0,1,0,0,0,0,0,0,0,0,0,6,0,0,0
B,Bi,0,0,0,0,0,0,0,0,0,0,0,0,0,0,0,0,0,0,0,0,0,0,0,0,0,0,0,0,0,0
B,U,0,0,0,0,0,0,0,0,0,0,0,0,0,0,0,0,0,0,0,0,0,0,0,0,0,0,0,0,0,0
B,REE,7,20,1,20,6,1,1,7,17,2,0,0,0,12,1,0,2,6,0,0,0,2,0,0,0,2,0,0,0,20
C,H,331,13,331,317,12,65,55,50,46,17,30,19,11,97,2,6,17,22,12,36,15,4,0,0,0,12,28,0,41,56
C,B,13,14,14,14,1,1,7,2,4,0,0,1,0,8,0,0,1,0,0,1,0,0,0,0,0,0,3,0,0,1
C,C,331,14,461,432,42,107,65,53,63,25,38,28,16,138,6,6,25,32,14,40,17,4,0,0,0,30,35,3,44,92
C,O,317,14,432,432,42,107,65,53,62,25,38,28,16,138,5,6,25,28,12,40,17,4,0,0,0,30,35,3,44,92
C,F,12,1,42,42,42,15,3,4,6,4,3,2,1,19,1,1,2,1,0,0,0,0,0,0,0,13,1,1,2,25
C,Na,65,1,107,107,15,107,9,14,21,12,13,8,7,30,4,1,8,7,1,6,0,0,0,0,0,9,2,0,7,29
C,Mg,55,7,65,65,3,9,65,8,4,8,7,4,2,17,0,1,3,6,0,3,2,0,0,0,0,2,4,0,8,2
C,Al,50,2,53,53,4,14,8,53,15,4,5,3,0,13,0,1,2,2,1,1,1,0,0,0,0,5,4,0,1,5
C,Si,46,4,63,62,6,21,4,15,63,4,5,5,3,30,4,2,6,9,0,2,0,0,0,0,0,8,8,0,2,16
C,P,17,0,25,25,4,12,8,4,4,25,2,0,1,7,0,2,3,2,0,1,1,0,0,0,0,3,0,0,0,5
C,S,30,0,38,38,3,13,7,5,5,2,38,5,1,9,0,0,4,4,0,4,2,1,0,0,0,1,8,0,2,6
C,Cl,19,1,28,28,2,8,4,3,5,0,5,28,2,7,0,0,2,1,0,6,0,0,0,0,0,3,7,0,0,3
C,K,11,0,16,16,1,7,2,0,3,1,1,2,16,7,0,1,0,1,0,1,0,0,0,0,0,0,0,0,4,1
C,Ca,97,8,138,138,19,30,17,13,30,7,9,7,7,138,0,4,10,4,0,7,3,2,0,0,0,9,1,2,25,23
C,Ti,2,0,6,5,1,4,0,0,4,0,0,0,0,0,6,0,0,1,0,0,0,0,0,0,0,1,0,0,0,3
C,V,6,0,6,6,1,1,1,1,2,2,0,0,1,4,0,6,1,0,0,0,0,0,0,0,0,1,0,0,0,0
C,Mn,17,1,25,25,2,8,3,2,6,3,4,2,0,10,0,1,25,0,0,0,1,2,0,0,0,0,2,0,0,4
C,Fe,22,0,32,28,1,7,6,2,9,2,4,1,1,4,1,0,0,32,2,0,2,0,0,0,0,3,1,0,0,2
C,Ni,12,0,14,12,0,1,0,1,0,0,0,0,0,0,0,0,0,2,14,0,0,0,0,0,0,0,0,0,0,0
C,Cu,36,1,40,40,0,6,3,1,2,1,4,6,1,7,0,0,0,0,0,40,0,2,0,0,0,0,5,0,4,4
C,Zn,15,0,17,17,0,0,2,1,0,1,2,0,0,3,0,0,1,2,0,0,17,0,0,0,0,0,0,0,1,0
C,As,4,0,4,4,0,0,0,0,0,0,1,0,0,2,0,0,2,0,0,2,0,4,0,0,0,0,0,0,0,0
C,Se,0,0,0,0,0,0,0,0,0,0,0,0,0,0,0,0,0,0,0,0,0,0,0,0,0,0,0,0,0,0
C,Ag,0,0,0,0,0,0,0,0,0,0,0,0,0,0,0,0,0,0,0,0,0,0,0,0,0,0,0,0,0,0
C,Sb,0,0,0,0,0,0,0,0,0,0,0,0,0,0,0,0,0,0,0,0,0,0,0,0,0,0,0,0,0,0
C,Ba,12,0,30,30,13,9,2,5,8,3,1,3,0,9,1,1,0,3,0,0,0,0,0,0,0,30,0,0,0,10
C,Pb,28,3,35,35,1,2,4,4,8,0,8,7,0,1,0,0,2,1,0,5,0,0,0,0,0,0,35,0,1,3
C,Bi,0,0,3,3,1,0,0,0,0,0,0,0,0,2,0,0,0,0,0,0,0,0,0,0,0,0,0,3,0,0
C,U,41,0,44,44,2,7,8,1,2,0,2,0,4,25,0,0,0,0,0,4,1,0,0,0,0,0,1,0,44,7
C,REE,56,1,92,92,25,29,2,5,16,5,6,3,1,23,3,0,4,2,0,4,0,0,0,0,0,10,3,0,7,92
O,H,3209,192,317,3209,138,642,473,817,1021,524,534,205,286,918,145,180,407,662,63,358,210,397,26,3,32,134,229,41,272,187
O,B,192,291,14,291,26,59,88,80,121,7,8,33,15,116,7,5,28,38,1,6,1,6,0,0,2,14,6,0,0,20
O,C,317,14,432,432,42,107,65,53,62,25,38,28,16,138,5,6,25,28,12,40,17,4,0,0,0,30,35,3,44,92
O,O,3209,291,432,4786,352,1010,682,1068,1602,693,670,350,458,1336,332,261,584,981,83,478,258,515,42,6,91,233,358,83,296,358
O,F,138,26,42,352,352,149,70,120,171,74,37,19,38,157,46,7,25,39,0,9,2,16,0,0,1,42,13,3,8,64
O,Na,642,59,107,1010,149,1010,175,256,536,154,154,76,136,301,142,36,132,200,2,42,18,70,3,0,6,61,6,5,34,78
O,Mg,473,88,65,682,70,175,682,201,261,107,72,37,73,197,32,31,57,119,2,23,16,56,1,0,6,18,7,1,24,22
O,Al,817,80,53,1068,120,256,201,1068,561,189,151,54,129,364,24,35,86,181,7,45,24,54,4,0,8,40,29,1,21,66
O,Si,1021,121,62,1602,171,536,261,561,1602,36,60,72,252,653,208,43,256,333,8,39,47,24,1,0,8,133,50,3,22,171
O,P,524,7,25,693,74,154,107,189,36,693,23,10,36,198,15,15,126,224,9,44,45,10,0,0,0,46,33,12,52,44
O,S,534,8,38,670,37,154,72,151,60,23,670,57,93,111,3,14,28,136,15,115,55,23,4,2,20,10,76,11,61,14
O,Cl,205,33,28,350,19,76,37,54,72,10,57,350,44,87,7,13,23,48,5,93,13,37,13,3,8,17,82,5,2,5
O,K,286,15,16,458,38,136,73,129,252,36,93,44,458,108,50,15,41,96,1,41,16,27,3,1,2,10,6,1,29,8
O,Ca,918,116,138,1336,157,301,197,364,653,198,111,87,108,1336,80,67,149,257,8,57,37,140,3,0,16,37,23,3,58,101
O,Ti,145,7,5,332,46,142,32,24,208,15,3,7,50,80,332,9,39,92,0,3,11,11,0,0,3,60,5,0,8,46
O,V,180,5,6,261,7,36,31,35,43,15,14,13,15,67,9,261,29,26,2,29,6,12,0,1,1,21,23,8,16,7
O,Mn,407,28,25,584,25,132,57,86,256,126,28,23,41,149,39,29,584,105,2,11,37,76,0,0,16,28,31,0,4,29
O,Fe,662,38,28,981,39,200,119,181,333,224,136,48,96,257,92,26,105,981,11,38,43,111,1,1,18,48,54,10,20,60
O,Ni,63,1,12,83,0,2,2,7,8,9,15,5,1,8,0,2,2,11,83,4,1,17,1,0,3,0,1,2,4,0
O,Cu,358,6,40,478,9,42,23,45,39,44,115,93,41,57,3,29,11,38,4,478,29,123,22,2,6,4,70,12,18,13
O,Zn,210,1,17,258,2,18,16,24,47,45,55,13,16,37,11,6,37,43,1,29,258,60,3,1,5,3,34,0,4,5
O,As,397,6,4,515,16,70,56,54,24,10,23,37,27,140,11,12,76,111,17,123,60,515,0,1,14,11,62,18,36,21
O,Se,26,0,0,42,0,3,1,4,1,0,4,13,3,3,0,0,0,1,1,22,3,0,42,0,0,1,14,2,8,0
O,Ag,3,0,0,6,0,0,0,0,0,0,2,3,1,0,0,1,0,1,0,2,1,1,0,6,1,0,3,0,0,0
O,Sb,32,2,0,91,1,6,6,8,8,0,20,8,2,16,3,1,16,18,3,6,5,14,0,1,91,0,14,1,0,0
O,Ba,134,14,30,233,42,61,18,40,133,46,10,17,10,37,60,21,28,48,0,4,3,11,1,0,0,233,2,0,13,23
O,Pb,229,6,35,358,13,6,7,29,50,33,76,82,6,23,5,23,31,54,1,70,34,62,14,3,14,2,358,5,32,4
O,Bi,41,0,3,83,3,5,1,1,3,12,11,5,1,3,0,8,0,10,2,12,0,18,2,0,1,0,5,83,7,0
O,U,272,0,44,296,8,34,24,21,22,52,61,2,29,58,8,16,4,20,4,18,4,36,8,0,0,13,32,7,296,13
O,REE,187,20,92,358,64,78,22,66,171,44,14,5,8,101,46,7,29,60,0,13,5,21,0,0,0,23,4,0,13,358
F,H,141,10,12,138,141,54,22,79,58,30,24,8,14,58,18,2,14,15,0,6,1,3,0,0,0,16,6,0,8,14
F,B,10,30,1,26,30,10,9,8,20,4,0,1,2,11,0,1,1,5,0,0,0,2,0,0,0,3,2,0,0,6
F,C,12,1,42,42,42,15,3,4,6,4,3,2,1,19,1,1,2,1,0,0,0,0,0,0,0,13,1,1,2,25
F,O,138,26,42,352,352,149,70,120,171,74,37,19,38,157,46,7,25,39,0,9,2,16,0,0,1,42,13,3,8,64
F,F,141,30,42,352,402,167,76,137,178,74,37,24,46,171,46,7,25,39,0,9,2,16,0,1,1,46,19,4,8,70
F,Na,54,10,15,149,167,167,30,51,92,31,13,11,19,71,36,0,17,23,0,3,1,8,0,0,0,19,0,1,1,26
F,Mg,22,9,3,70,76,30,76,30,40,10,7,1,11,30,1,2,2,10,0,1,0,6,0,0,0,5,1,0,2,6
F,Al,79,8,4,120,137,51,30,137,46,31,20,3,16,58,0,2,6,12,0,4,0,4,0,0,0,8,4,0,5,10
F,Si,58,20,6,171,178,92,40,46,178,14,5,2,37,91,43,2,17,32,0,0,1,2,0,0,0,24,2,0,0,29
F,P,30,4,4,74,74,31,10,31,14,74,1,1,2,31,7,2,7,6,0,3,0,0,0,0,0,14,2,0,1,7
F,S,24,0,3,37,37,13,7,20,5,1,37,8,6,17,0,0,1,0,0,0,0,0,0,0,0,1,3,0,3,5
F,Cl,8,1,2,19,24,11,1,3,2,1,8,24,2,6,1,0,0,0,0,4,0,3,0,1,0,3,8,0,0,3
F,K,14,2,1,38,46,19,11,16,37,2,6,2,46,17,5,0,3,7,0,0,0,0,0,0,0,1,0,0,0,0
F,Ca,58,11,19,157,171,71,30,58,91,31,17,6,17,171,16,4,10,15,0,1,0,7,0,0,1,12,4,1,2,27
F,Ti,18,0,1,46,46,36,1,0,43,7,0,1,5,16,46,1,10,8,0,1,2,2,0,0,0,14,0,0,0,8
F,V,2,1,1,7,7,0,2,2,2,2,0,0,0,4,1,7,0,0,0,1,0,1,0,0,0,3,0,0,0,0
F,Mn,14,1,2,25,25,17,2,6,17,7,1,0,3,10,10,0,25,0,0,0,0,0,0,0,0,3,0,0,0,3
F,Fe,15,5,1,39,39,23,10,12,32,6,0,0,7,15,8,0,0,39,0,0,0,3,0,0,0,7,0,0,0,4
F,Ni,0,0,0,0,0,0,0,0,0,0,0,0,0,0,0,0,0,0,0,0,0,0,0,0,0,0,0,0,0,0
F,Cu,6,0,0,9,9,3,1,4,0,3,0,4,0,1,1,1,0,0,0,9,0,3,0,0,0,0,0,0,0,0
F,Zn,1,0,0,2,2,1,0,0,1,0,0,0,0,0,2,0,0,0,0,0,2,0,0,0,0,1,0,0,0,2
F,As,3,2,0,16,16,8,6,4,2,0,0,3,0,7,2,1,0,3,0,3,0,16,0,0,0,1,0,0,2,1
F,Se,0,0,0,0,0,0,0,0,0,0,0,0,0,0,0,0,0,0,0,0,0,0,0,0,0,0,0,0,0,0
F,Ag,0,0,0,0,1,0,0,0,0,0,0,1,0,0,0,0,0,0,0,0,0,0,0,1,0,0,1,0,0,0
F,Sb,0,0,0,1,1,0,0,0,0,0,0,0,0,1,0,0,0,0,0,0,0,0,0,0,1,0,0,0,0,0
F,Ba,16,3,13,42,46,19,5,8,24,14,1,3,1,12,14,3,3,7,0,0,1,1,0,0,0,46,0,0,0,13
F,Pb,6,2,1,13,19,0,1,4,2,2,3,8,0,4,0,0,0,0,0,0,0,0,0,1,0,0,19,0,0,0
F,Bi,0,0,1,3,4,1,0,0,0,0,0,0,0,1,0,0,0,0,0,0,0,0,0,0,0,0,0,4,0,0
F,U,8,0,2,8,8,1,2,5,0,1,3,0,0,2,0,0,0,0,0,0,0,2,0,0,0,0,0,0,8,0
F,REE,14,6,25,64,70,26,6,10,29,7,5,3,0,27,8,0,3,4,0,0,2,1,0,0,0,13,0,0,0,70
Na,H,642,50,65,642,54,642,106,182,355,89,102,38,81,186,81,28,81,129,2,16,11,36,2,0,4,42,3,1,33,37
Na,B,50,61,1,59,10,61,14,21,40,0,2,3,6,9,3,3,6,8,0,0,0,0,0,0,0,4,0,0,0,1
Na,C,65,1,107,107,15,107,9,14,21,12,13,8,7,30,4,1,8,7,1,6,0,0,0,0,0,9,2,0,7,29
Na,O,642,59,107,1010,149,1010,175,256,536,154,154,76,136,301,142,36,132,200,2,42,18,70,3,0,6,61,6,5,34,78
Na,F,54,10,15,149,167,167,30,51,92,31,13,11,19,71,36,0,17,23,0,3,1,8,0,0,0,19,0,1,1,26
Na,Na,642,61,107,1010,167,1034,178,265,539,154,156,79,141,305,142,36,133,201,2,43,18,70,3,0,6,62,6,5,34,80
Na,Mg,106,14,9,175,30,178,178,64,86,32,17,7,28,60,13,11,17,40,0,4,0,23,1,0,0,4,0,0,2,1
Na,Al,182,21,14,256,51,265,64,265,174,46,40,22,32,100,5,5,18,51,0,1,1,8,0,0,0,7,1,0,1,1
Na,Si,355,40,21,536,92,539,86,174,539,17,27,33,94,186,131,9,83,113,0,2,11,2,0,0,0,43,0,0,1,46
Na,P,89,0,12,154,31,154,32,46,17,154,1,2,10,50,10,1,33,49,0,4,0,3,0,0,0,12,1,0,2,13
Na,S,102,2,13,154,13,156,17,40,27,1,156,28,31,34,2,1,4,17,1,13,4,1,0,0,2,2,1,3,21,5
Na,Cl,38,3,8,76,11,79,7,22,33,2,28,79,14,33,4,1,6,18,0,12,1,11,1,0,0,2,2,1,1,3
Na,K,81,6,7,136,19,141,28,32,94,10,31,14,141,45,24,2,18,29,0,8,3,5,1,0,0,8,0,0,3,4
Na,Ca,186,9,30,301,71,305,60,100,186,50,34,33,45,305,33,9,41,66,0,9,1,28,0,0,0,8,2,0,4,19
Na,Ti,81,3,4,142,36,142,13,5,131,10,2,4,24,33,142,1,23,26,0,2,6,3,0,0,1,36,0,0,0,17
Na,V,28,3,1,36,0,36,11,5,9,1,1,1,2,9,1,36,6,1,0,1,0,2,0,0,0,0,0,0,1,0
Na,Mn,81,6,8,132,17,133,17,18,83,33,4,6,18,41,23,6,133,27,0,0,2,11,0,0,0,8,0,0,0,8
Na,Fe,129,8,7,200,23,201,40,51,113,49,17,18,29,66,26,1,27,201,0,5,0,21,0,0,0,14,1,0,1,8
Na,Ni,2,0,1,2,0,2,0,0,0,0,1,0,0,0,0,0,0,0,2,0,0,0,0,0,0,0,0,0,0,0
Na,Cu,16,0,6,42,3,43,4,1,2,4,13,12,8,9,2,1,0,5,0,43,1,17,1,0,1,0,1,1,0,1
Na,Zn,11,0,0,18,1,18,0,1,11,0,4,1,3,1,6,0,2,0,0,1,18,2,0,0,0,2,0,0,0,4
Na,As,36,0,0,70,8,70,23,8,2,3,1,11,5,28,3,2,11,21,0,17,2,70,0,0,1,0,2,0,1,0
Na,Se,2,0,0,3,0,3,1,0,0,0,0,1,1,0,0,0,0,0,0,1,0,0,3,0,0,0,0,0,1,0
Na,Ag,0,0,0,0,0,0,0,0,0,0,0,0,0,0,0,0,0,0,0,0,0,0,0,0,0,0,0,0,0,0
Na,Sb,4,0,0,6,0,6,0,0,0,0,2,0,0,0,1,0,0,0,0,1,0,1,0,0,6,0,0,0,0,0
Na,Ba,42,4,9,61,19,62,4,7,43,12,2,2,8,8,36,0,8,14,0,0,2,0,0,0,0,62,0,0,0,15
Na,Pb,3,0,2,6,0,6,0,1,0,1,1,2,0,2,0,0,0,1,0,1,0,2,0,0,0,0,6,0,0,0
Na,Bi,1,0,0,5,1,5,0,0,0,0,3,1,0,0,0,0,0,0,0,1,0,0,0,0,0,0,0,5,0,0
Na,U,33,0,7,34,1,34,2,1,1,2,21,1,3,4,0,1,0,1,0,0,0,1,1,0,0,0,0,0,34,0
Na,REE,37,1,29,78,26,80,1,1,46,13,5,3,4,19,17,0,8,8,0,1,4,0,0,0,0,15,0,0,0,80
Mg,H,473,55,55,473,22,106,473,147,161,86,61,28,50,131,11,24,42,78,2,16,16,40,1,0,2,11,7,1,24,15
Mg,B,55,88,7,88,9,14,88,25,28,3,1,6,4,22,0,4,5,8,0,0,0,2,0,0,1,0,2,0,0,1
Mg,C,55,7,65,65,3,9,65,8,4,8,7,4,2,17,0,1,3,6,0,3,2,0,0,0,0,2,4,0,8,2
Mg,O,473,88,65,682,70,175,682,201,261,107,72,37,73,197,32,31,57,119,2,23,16,56,1,0,6,18,7,1,24,22
Mg,F,22,9,3,70,76,30,76,30,40,10,7,1,11,30,1,2,2,10,0,1,0,6,0,0,0,5,1,0,2,6
Mg,Na,106,14,9,175,30,178,178,64,86,32,17,7,28,60,13,11,17,40,0,4,0,23,1,0,0,4,0,0,2,1
Mg,Mg,473,88,65,682,76,178,690,204,261,107,73,38,74,199,32,31,57,119,2,23,16,56,1,0,6,19,7,1,24,22
Mg,Al,147,25,8,201,30,64,204,204,126,27,16,6,22,88,9,6,15,33,0,1,1,4,0,0,1,6,0,0,1,9
Mg,Si,161,28,4,261,40,86,261,126,261,2,1,4,44,101,16,8,23,51,0,2,1,4,0,0,1,7,4,0,2,17
Mg,P,86,3,8,107,10,32,107,27,2,107,1,0,7,33,2,3,18,19,0,2,4,0,0,0,0,5,0,0,2,2
Mg,S,61,1,7,72,7,17,73,16,1,1,73,6,14,7,0,1,3,14,0,4,3,0,0,0,0,0,1,0,6,0
Mg,Cl,28,6,4,37,1,7,38,6,4,0,6,38,6,9,0,0,1,2,0,5,0,3,0,0,0,0,2,0,0,1
Mg,K,50,4,2,73,11,28,74,22,44,7,14,6,74,14,7,4,2,14,0,0,0,1,1,0,0,2,0,0,1,0
Mg,Ca,131,22,17,197,30,60,199,88,101,33,7,9,14,199,7,9,11,44,0,4,2,27,0,0,1,3,1,0,5,13
Mg,Ti,11,0,0,32,1,13,32,9,16,2,0,0,7,7,32,1,2,12,0,0,0,0,0,0,0,4,0,0,0,3
Mg,V,24,4,1,31,2,11,31,6,8,3,1,0,4,9,1,31,3,2,0,1,0,2,0,0,0,0,0,0,0,0
Mg,Mn,42,5,3,57,2,17,57,15,23,18,3,1,2,11,2,3,57,13,0,0,8,6,0,0,2,1,2,0,0,1
Mg,Fe,78,8,6,119,10,40,119,33,51,19,14,2,14,44,12,2,13,119,1,1,6,7,0,0,2,3,1,1,0,3
Mg,Ni,2,0,0,2,0,0,2,0,0,0,0,0,0,0,0,0,0,1,2,0,0,0,0,0,0,0,0,0,0,0
Mg,Cu,16,0,3,23,1,4,23,1,2,2,4,5,0,4,0,1,0,1,0,23,1,5,0,0,0,0,0,0,1,0
Mg,Zn,16,0,2,16,0,0,16,1,1,4,3,0,0,2,0,0,8,6,0,1,16,1,0,0,1,0,0,0,0,0
Mg,As,40,2,0,56,6,23,56,4,4,0,0,3,1,27,0,2,6,7,0,5,1,56,0,0,0,0,1,1,4,1
Mg,Se,1,0,0,1,0,1,1,0,0,0,0,0,1,0,0,0,0,0,0,0,0,0,1,0,0,0,0,0,0,0
Mg,Ag,0,0,0,0,0,0,0,0,0,0,0,0,0,0,0,0,0,0,0,0,0,0,0,0,0,0,0,0,0,0
Mg,Sb,2,1,0,6,0,0,6,1,1,0,0,0,0,1,0,0,2,2,0,0,1,0,0,0,6,0,0,0,0,0
Mg,Ba,11,0,2,18,5,4,19,6,7,5,0,0,2,3,4,0,1,3,0,0,0,0,0,0,0,19,0,0,0,1
Mg,Pb,7,2,4,7,1,0,7,0,4,0,1,2,0,1,0,0,2,1,0,0,0,1,0,0,0,0,7,0,0,0
Mg,Bi,1,0,0,1,0,0,1,0,0,0,0,0,0,0,0,0,0,1,0,0,0,1,0,0,0,0,0,1,0,0
Mg,U,24,0,8,24,2,2,24,1,2,2,6,0,1,5,0,0,0,0,0,1,0,4,0,0,0,0,0,0,24,1
Mg,REE,15,1,2,22,6,1,22,9,17,2,0,1,0,13,3,0,1,3,0,0,0,1,0,0,0,1,0,0,1,22
Al,H,817,52,50,817,79,182,147,817,401,169,135,33,81,269,9,31,70,136,6,39,23,42,4,0,5,34,27,1,21,56
Al,B,52,80,2,80,8,21,25,80,64,0,2,3,6,27,2,1,7,16,0,0,0,2,0,0,0,0,0,0,0,7
Al,C,50,2,53,53,4,14,8,53,15,4,5,3,0,13,0,1,2,2,1,1,1,0,0,0,0,5,4,0,1,5
Al,O,817,80,53,1068,120,256,201,1068,561,189,151,54,129,364,24,35,86,181,7,45,24,54,4,0,8,40,29,1,21,66
Al,F,79,8,4,120,137,51,30,137,46,31,20,3,16,58,0,2,6,12,0,4,0,4,0,0,0,8,4,0,5,10
Al,Na,182,21,14,256,51,265,64,265,174,46,40,22,32,100,5,5,18,51,0,1,1,8,0,0,0,7,1,0,1,1
Al,Mg,147,25,8,201,30,64,204,204,126,27,16,6,22,88,9,6,15,33,0,1,1,4,0,0,1,6,0,0,1,9
Al,Al,817,80,53,1068,137,265,204,1095,561,189,151,54,130,373,24,35,86,187,10,49,24,54,4,0,8,42,31,1,21,66
Al,Si,401,64,15,561,46,174,126,561,561,7,31,31,92,258,16,14,46,108,0,9,4,3,1,0,2,22,12,0,0,48
Al,P,169,0,4,189,31,46,27,189,7,189,10,0,13,43,1,4,35,43,0,6,4,1,0,0,0,12,5,1,13,6
Al,S,135,2,5,151,20,40,16,151,31,10,151,16,20,38,0,1,4,15,2,15,7,7,0,0,2,2,8,0,4,5
Al,Cl,33,3,3,54,3,22,6,54,31,0,16,54,11,23,1,0,0,3,0,5,0,0,1,0,1,3,4,0,0,0
Al,K,81,6,0,129,16,32,22,130,92,13,20,11,130,40,3,1,5,24,0,4,3,7,0,0,0,1,0,0,0,0
Al,Ca,269,27,13,364,58,100,88,373,258,43,38,23,40,373,11,9,24,90,0,6,1,10,0,0,2,8,8,0,0,39
Al,Ti,9,2,0,24,0,5,9,24,16,1,0,1,3,11,24,0,0,8,0,0,0,0,0,0,0,1,0,0,0,2
Al,V,31,1,1,35,2,5,6,35,14,4,1,0,1,9,0,35,4,2,1,2,2,0,0,0,0,1,1,0,2,3
Al,Mn,70,7,2,86,6,18,15,86,46,35,4,0,5,24,0,4,86,17,0,0,2,1,0,0,1,1,2,0,0,11
Al,Fe,136,16,2,181,12,51,33,187,108,43,15,3,24,90,8,2,17,187,3,3,2,0,0,0,1,6,5,0,1,20
Al,Ni,6,0,1,7,0,0,0,10,0,0,2,0,0,0,0,1,0,3,10,0,0,0,0,0,0,0,0,0,0,0
Al,Cu,39,0,1,45,4,1,1,49,9,6,15,5,4,6,0,2,0,3,0,49,0,14,1,0,3,0,5,0,0,0
Al,Zn,23,0,1,24,0,1,1,24,4,4,7,0,3,1,0,2,2,2,0,0,24,1,0,0,1,0,0,0,0,0
Al,As,42,2,0,54,4,8,4,54,3,1,7,0,7,10,0,0,1,0,0,14,1,54,0,0,0,3,4,0,3,3
Al,Se,4,0,0,4,0,0,0,4,1,0,0,1,0,0,0,0,0,0,0,1,0,0,4,0,0,0,0,0,0,0
Al,Ag,0,0,0,0,0,0,0,0,0,0,0,0,0,0,0,0,0,0,0,0,0,0,0,0,0,0,0,0,0,0
Al,Sb,5,0,0,8,0,0,1,8,2,0,2,1,0,2,0,0,1,1,0,3,1,0,0,0,8,0,1,0,0,0
Al,Ba,34,0,5,40,8,7,6,42,22,12,2,3,1,8,1,1,1,6,0,0,0,3,0,0,0,42,0,0,0,0
Al,Pb,27,0,4,29,4,1,0,31,12,5,8,4,0,8,0,1,2,5,0,5,0,4,0,0,1,0,31,0,1,0
Al,Bi,1,0,0,1,0,0,0,1,0,1,0,0,0,0,0,0,0,0,0,0,0,0,0,0,0,0,0,1,0,0
Al,U,21,0,1,21,5,1,1,21,0,13,4,0,0,0,0,2,0,1,0,0,0,3,0,0,0,0,1,0,21,1
Al,REE,56,7,5,66,10,1,9,66,48,6,5,0,0,39,2,3,11,20,0,0,0,3,0,0,0,0,0,0,1,66
Si,H,1023,73,46,1021,58,355,161,401,1023,15,36,35,161,423,116,27,185,215,7,29,32,17,1,0,2,76,33,1,20,94
Si,B,73,122,4,121,20,40,28,64,122,3,1,5,8,46,7,4,14,25,0,0,0,3,0,0,0,14,3,0,0,17
Si,C,46,4,63,62,6,21,4,15,63,4,5,5,3,30,4,2,6,9,0,2,0,0,0,0,0,8,8,0,2,16
Si,O,1021,121,62,1602,171,536,261,561,1602,36,60,72,252,653,208,43,256,333,8,39,47,24,1,0,8,133,50,3,22,171
Si,F,58,20,6,171,178,92,40,46,178,14,5,2,37,91,43,2,17,32,0,0,1,2,0,0,0,24,2,0,0,29
Si,Na,355,40,21,536,92,539,86,174,539,17,27,33,94,186,131,9,83,113,0,2,11,2,0,0,0,43,0,0,1,46
Si,Mg,161,28,4,261,40,86,261,126,261,2,1,4,44,101,16,8,23,51,0,2,1,4,0,0,1,7,4,0,2,17
Si,Al,401,64,15,561,46,174,126,561,561,7,31,31,92,258,16,14,46,108,0,9,4,3,1,0,2,22,12,0,0,48
Si,Si,1023,122,63,1602,178,539,261,561,1630,37,60,72,256,653,214,43,258,342,10,39,47,24,1,0,8,133,50,3,22,171
Si,P,15,3,4,36,14,17,2,7,37,37,1,0,2,22,13,0,6,5,0,0,0,0,0,0,0,10,0,0,0,7
Si,S,36,1,5,60,5,27,1,31,60,1,60,11,9,37,1,0,3,3,0,5,4,1,0,0,0,6,7,0,0,1
Si,Cl,35,5,5,72,2,33,4,31,72,0,11,72,11,41,6,1,10,22,0,2,0,2,0,0,0,13,9,0,0,1
Si,K,161,8,3,252,37,94,44,92,256,2,9,11,256,80,42,3,31,52,0,3,9,0,0,0,0,10,0,0,3,7
Si,Ca,423,46,30,653,91,186,101,258,653,22,37,41,80,653,65,17,81,145,0,10,10,5,0,0,1,23,15,0,7,71
Si,Ti,116,7,4,208,43,131,16,16,214,13,1,6,42,65,214,1,29,49,0,1,7,1,0,0,0,51,0,0,0,31
Si,V,27,4,2,43,2,9,8,14,43,0,0,1,3,17,1,43,12,3,0,0,1,1,0,0,0,9,0,0,0,3
Si,Mn,185,14,6,256,17,83,23,46,258,6,3,10,31,81,29,12,258,34,0,3,11,17,0,0,6,18,8,0,0,25
Si,Fe,215,25,9,333,32,113,51,108,342,5,3,22,52,145,49,3,34,342,0,2,3,5,0,0,2,29,10,1,0,48
Si,Ni,7,0,0,8,0,0,0,0,10,0,0,0,0,0,0,0,0,0,10,0,0,0,0,0,0,0,0,0,0,0
Si,Cu,29,0,2,39,0,2,2,9,39,0,5,2,3,10,1,0,3,2,0,39,1,2,0,0,0,3,7,0,1,1
Si,Zn,32,0,0,47,1,11,1,4,47,0,4,0,9,10,7,1,11,3,0,1,47,4,0,0,1,3,5,0,0,4
Si,As,17,3,0,24,2,2,4,3,24,0,1,2,0,5,1,1,17,5,0,2,4,24,0,0,1,0,2,0,0,4
Si,Se,1,0,0,1,0,0,0,1,1,0,0,0,0,0,0,0,0,0,0,0,0,0,1,0,0,0,0,0,0,0
Si,Ag,0,0,0,0,0,0,0,0,0,0,0,0,0,0,0,0,0,0,0,0,0,0,0,0,0,0,0,0,0,0
Si,Sb,2,0,0,8,0,0,1,2,8,0,0,0,0,1,0,0,6,2,0,0,1,1,0,0,8,0,0,0,0,0
Si,Ba,76,14,8,133,24,43,7,22,133,10,6,13,10,23,51,9,18,29,0,3,3,0,0,0,0,133,1,0,1,11
Si,Pb,33,3,8,50,2,0,4,12,50,0,7,9,0,15,0,0,8,10,0,7,5,2,0,0,0,1,50,0,2,0
Si,Bi,1,0,0,3,0,0,0,0,3,0,0,0,0,0,0,0,0,1,0,0,0,0,0,0,0,0,0,3,0,0
Si,U,20,0,2,22,0,1,2,0,22,0,0,0,3,7,0,0,0,0,0,1,0,0,0,0,0,1,2,0,22,3
Si,REE,94,17,16,171,29,46,17,48,171,7,1,1,7,71,31,3,25,48,0,1,4,4,0,0,0,11,0,0,3,171
P,H,524,3,17,524,30,89,86,169,15,524,21,1,32,134,9,14,98,176,2,40,44,9,0,0,0,32,27,11,51,24
P,B,3,7,0,7,4,0,3,0,3,7,0,0,0,3,1,1,1,2,0,0,0,0,0,0,0,1,0,0,0,2
P,C,17,0,25,25,4,12,8,4,4,25,2,0,1,7,0,2,3,2,0,1,1,0,0,0,0,3,0,0,0,5
P,O,524,7,25,693,74,154,107,189,36,693,23,10,36,198,15,15,126,224,9,44,45,10,0,0,0,46,33,12,52,44
P,F,30,4,4,74,74,31,10,31,14,74,1,1,2,31,7,2,7,6,0,3,0,0,0,0,0,14,2,0,1,7
P,Na,89,0,12,154,31,154,32,46,17,154,1,2,10,50,10,1,33,49,0,4,0,3,0,0,0,12,1,0,2,13
P,Mg,86,3,8,107,10,32,107,27,2,107,1,0,7,33,2,3,18,19,0,2,4,0,0,0,0,5,0,0,2,2
P,Al,169,0,4,189,31,46,27,189,7,189,10,0,13,43,1,4,35,43,0,6,4,1,0,0,0,12,5,1,13,6
P,Si,15,3,4,36,14,17,2,7,37,37,1,0,2,22,13,0,6,5,0,0,0,0,0,0,0,10,0,0,0,7
P,P,524,7,25,693,74,154,107,189,37,715,23,10,36,198,18,16,126,232,20,44,45,10,0,0,0,46,33,12,52,44
P,S,21,0,2,23,1,1,1,10,1,23,23,0,0,2,0,0,0,7,0,4,1,0,0,0,0,0,3,0,2,1
P,Cl,1,0,0,10,1,2,0,0,0,10,0,10,0,5,0,0,2,1,0,2,0,0,0,0,0,2,2,0,0,1
P,K,32,0,1,36,2,10,7,13,2,36,0,0,36,8,2,2,5,13,0,0,0,0,0,0,0,0,0,0,3,0
P,Ca,134,3,7,198,31,50,33,43,22,198,2,5,8,198,4,2,35,63,5,7,10,3,0,0,0,12,3,1,8,8
P,Ti,9,1,0,15,7,10,2,1,13,18,0,0,2,4,18,0,3,3,0,0,0,0,0,0,0,5,0,0,0,1
P,V,14,1,2,15,2,1,3,4,0,16,0,0,2,2,0,16,0,1,1,1,0,0,0,0,0,3,2,0,0,0
P,Mn,98,1,3,126,7,33,18,35,6,126,0,2,5,35,3,0,126,55,0,0,10,1,0,0,0,5,1,0,2,2
P,Fe,176,2,2,224,6,49,19,43,5,232,7,1,13,63,3,1,55,232,3,6,17,2,0,0,0,8,9,3,5,4
P,Ni,2,0,0,9,0,0,0,0,0,20,0,0,0,5,0,1,0,3,20,0,0,0,0,0,0,0,0,0,0,0
P,Cu,40,0,1,44,3,4,2,6,0,44,4,2,0,7,0,1,0,6,0,44,6,4,0,0,0,0,5,2,3,3
P,Zn,44,0,1,45,0,0,4,4,0,45,1,0,0,10,0,0,10,17,0,6,45,3,0,0,0,0,5,0,0,0
P,As,9,0,0,10,0,3,0,1,0,10,0,0,0,3,0,0,1,2,0,4,3,10,0,0,0,0,3,1,2,0
P,Se,0,0,0,0,0,0,0,0,0,0,0,0,0,0,0,0,0,0,0,0,0,0,0,0,0,0,0,0,0,0
P,Ag,0,0,0,0,0,0,0,0,0,0,0,0,0,0,0,0,0,0,0,0,0,0,0,0,0,0,0,0,0,0
P,Sb,0,0,0,0,0,0,0,0,0,0,0,0,0,0,0,0,0,0,0,0,0,0,0,0,0,0,0,0,0,0
P,Ba,32,1,3,46,14,12,5,12,10,46,0,2,0,12,5,3,5,8,0,0,0,0,0,0,0,46,0,0,3,2
P,Pb,27,0,0,33,2,1,0,5,0,33,3,2,0,3,0,2,1,9,0,5,5,3,0,0,0,0,33,1,7,0
P,Bi,11,0,0,12,0,0,0,1,0,12,0,0,0,1,0,0,0,3,0,2,0,1,0,0,0,0,1,12,3,0
P,U,51,0,0,52,1,2,2,13,0,52,2,0,3,8,0,0,2,5,0,3,0,2,0,0,0,3,7,3,52,2
P,REE,24,2,5,44,7,13,2,6,7,44,1,1,0,8,1,0,2,4,0,3,0,0,0,0,0,2,0,0,2,44
S,H,534,8,30,534,24,102,61,135,36,21,534,29,53,85,2,12,24,122,15,87,48,21,3,1,10,5,54,4,61,12
S,B,8,8,0,8,0,2,1,2,1,0,8,1,0,6,0,0,0,1,0,0,0,0,0,0,0,0,0,0,0,0
S,C,30,0,38,38,3,13,7,5,5,2,38,5,1,9,0,0,4,4,0,4,2,1,0,0,0,1,8,0,2,6
S,O,534,8,38,670,37,154,72,151,60,23,670,57,93,111,3,14,28,136,15,115,55,23,4,2,20,10,76,11,61,14
S,F,24,0,3,37,37,13,7,20,5,1,37,8,6,17,0,0,1,0,0,0,0,0,0,0,0,1,3,0,3,5
S,Na,102,2,13,154,13,156,17,40,27,1,156,28,31,34,2,1,4,17,1,13,4,1,0,0,2,2,1,3,21,5
S,Mg,61,1,7,72,7,17,73,16,1,1,73,6,14,7,0,1,3,14,0,4,3,0,0,0,0,0,1,0,6,0
S,Al,135,2,5,151,20,40,16,151,31,10,151,16,20,38,0,1,4,15,2,15,7,7,0,0,2,2,8,0,4,5
S,Si,36,1,5,60,5,27,1,31,60,1,60,11,9,37,1,0,3,3,0,5,4,1,0,0,0,6,7,0,0,1
S,P,21,0,2,23,1,1,1,10,1,23,23,0,0,2,0,0,0,7,0,4,1,0,0,0,0,0,3,0,2,1
S,S,534,8,38,670,37,156,73,151,60,23,1268,75,101,113,5,23,50,235,52,317,74,181,9,152,175,12,257,117,61,14
S,Cl,29,1,5,57,8,28,6,16,11,0,75,75,14,12,0,0,2,10,0,12,4,3,0,3,6,1,19,4,1,2
S,K,53,0,1,93,6,31,14,20,9,0,101,14,101,18,1,3,2,26,1,18,3,2,0,0,2,0,2,1,9,0
S,Ca,85,6,9,111,17,34,7,38,37,2,113,12,18,113,1,0,4,5,0,10,2,1,1,0,2,4,2,0,2,4
S,Ti,2,0,0,3,0,2,0,0,1,0,5,0,1,1,5,0,0,2,0,0,0,0,0,0,0,1,0,0,0,0
S,V,12,0,0,14,0,1,1,1,0,0,23,0,3,0,0,23,0,1,0,5,0,1,0,0,2,0,1,0,2,0
S,Mn,24,0,4,28,1,4,3,4,3,0,50,2,2,4,0,0,50,2,0,3,3,7,0,7,11,1,10,1,2,0
S,Fe,122,1,4,136,0,17,14,15,3,7,235,10,26,5,2,1,2,235,8,47,9,19,0,17,15,3,15,4,6,0
S,Ni,15,0,0,15,0,1,0,2,0,0,52,0,1,0,0,0,0,8,52,7,0,6,0,0,7,0,2,6,1,0
S,Cu,87,0,4,115,0,13,4,15,5,4,317,12,18,10,0,5,3,47,7,317,18,47,5,36,42,1,73,44,2,1
S,Zn,48,0,2,55,0,4,3,7,4,1,74,4,3,2,0,0,3,9,0,18,74,6,0,7,4,0,10,0,2,0
S,As,21,0,1,23,0,1,0,7,1,0,181,3,2,1,0,1,7,19,6,47,6,181,0,48,43,1,60,3,0,0
S,Se,3,0,0,4,0,0,0,0,0,0,9,0,0,1,0,0,0,0,0,5,0,0,9,2,1,0,5,3,0,0
S,Ag,1,0,0,2,0,0,0,0,0,0,152,3,0,0,0,0,7,17,0,36,7,48,2,152,60,0,57,28,0,0
S,Sb,10,0,0,20,0,2,0,2,0,0,175,6,2,2,0,2,11,15,7,42,4,43,1,60,175,0,85,9,0,0
S,Ba,5,0,1,10,1,2,0,2,6,0,12,1,0,4,1,0,1,3,0,1,0,1,0,0,0,12,0,0,0,1
S,Pb,54,0,8,76,3,1,1,8,7,3,257,19,2,2,0,1,10,15,2,73,10,60,5,57,85,0,257,63,0,0
S,Bi,4,0,0,11,0,3,0,0,0,0,117,4,1,0,0,0,1,4,6,44,0,3,3,28,9,0,63,117,0,0
S,U,61,0,2,61,3,21,6,4,0,2,61,1,9,2,0,2,2,6,1,2,2,0,0,0,0,0,0,0,61,2
S,REE,12,0,6,14,5,5,0,5,1,1,14,2,0,4,0,0,0,0,0,1,0,0,0,0,0,1,0,0,2,14
Cl,H,211,24,19,205,8,38,28,33,35,1,29,211,25,53,2,3,17,31,5,61,9,14,2,2,3,9,39,1,2,3
Cl,B,24,33,1,33,1,3,6,3,5,0,1,33,4,14,1,1,3,4,0,1,1,0,0,0,0,3,3,0,0,0
Cl,C,19,1,28,28,2,8,4,3,5,0,5,28,2,7,0,0,2,1,0,6,0,0,0,0,0,3,7,0,0,3
Cl,O,205,33,28,350,19,76,37,54,72,10,57,350,44,87,7,13,23,48,5,93,13,37,13,3,8,17,82,5,2,5
Cl,F,8,1,2,19,24,11,1,3,2,1,8,24,2,6,1,0,0,0,0,4,0,3,0,1,0,3,8,0,0,3
Cl,Na,38,3,8,76,11,79,7,22,33,2,28,79,14,33,4,1,6,18,0,12,1,11,1,0,0,2,2,1,1,3
Cl,Mg,28,6,4,37,1,7,38,6,4,0,6,38,6,9,0,0,1,2,0,5,0,3,0,0,0,0,2,0,0,1
Cl,Al,33,3,3,54,3,22,6,54,31,0,16,54,11,23,1,0,0,3,0,5,0,0,1,0,1,3,4,0,0,0
Cl,Si,35,5,5,72,2,33,4,31,72,0,11,72,11,41,6,1,10,22,0,2,0,2,0,0,0,13,9,0,0,1
Cl,P,1,0,0,10,1,2,0,0,0,10,0,10,0,5,0,0,2,1,0,2,0,0,0,0,0,2,2,0,0,1
Cl,S,29,1,5,57,8,28,6,16,11,0,75,75,14,12,0,0,2,10,0,12,4,3,0,3,6,1,19,4,1,2
Cl,Cl,211,33,28,350,24,79,38,54,72,10,75,406,57,89,7,13,26,55,5,97,15,40,13,8,11,18,99,9,2,5
Cl,K,25,4,2,44,2,14,6,11,11,0,14,57,57,12,1,2,3,12,0,15,6,3,2,1,0,0,4,1,0,0
Cl,Ca,53,14,7,87,6,33,9,23,41,5,12,89,12,89,3,0,6,16,0,9,1,10,0,0,1,3,4,0,0,1
Cl,Ti,2,1,0,7,1,4,0,1,6,0,0,7,1,3,7,0,0,2,0,1,0,1,0,0,0,3,0,0,0,0
Cl,V,3,1,0,13,0,1,0,0,1,0,0,13,2,0,0,13,1,0,0,6,0,1,0,0,0,1,5,0,0,0
Cl,Mn,17,3,2,23,0,6,1,0,10,2,2,26,3,6,0,1,26,6,0,2,0,3,0,0,0,3,4,0,0,0
Cl,Fe,31,4,1,48,0,18,2,3,22,1,10,55,12,16,2,0,6,55,1,3,0,3,0,0,0,5,6,1,0,0
Cl,Ni,5,0,0,5,0,0,0,0,0,0,0,5,0,0,0,0,0,1,5,2,0,0,0,0,0,0,0,0,0,0
Cl,Cu,61,1,6,93,4,12,5,5,2,2,12,97,15,9,1,6,2,3,2,97,5,14,11,2,3,0,21,2,0,1
Cl,Zn,9,1,0,13,0,1,0,0,0,0,4,15,6,1,0,0,0,0,0,5,15,0,2,1,0,0,2,0,0,0
Cl,As,14,0,0,37,3,11,3,0,2,0,3,40,3,10,1,1,3,3,0,14,0,40,0,1,1,1,16,0,0,0
Cl,Se,2,0,0,13,0,1,0,1,0,0,0,13,2,0,0,0,0,0,0,11,2,0,13,0,0,0,4,1,0,0
Cl,Ag,2,0,0,3,1,0,0,0,0,0,3,8,1,0,0,0,0,0,0,2,1,1,0,8,0,0,3,0,0,0
Cl,Sb,3,0,0,8,0,0,0,1,0,0,6,11,0,1,0,0,0,0,0,3,0,1,0,0,11,0,8,0,0,0
Cl,Ba,9,3,3,17,3,2,0,3,13,2,1,18,0,3,3,1,3,5,0,0,0,1,0,0,0,18,1,0,0,2
Cl,Pb,39,3,7,82,8,2,2,4,9,2,19,99,4,4,0,5,4,6,0,21,2,16,4,3,8,1,99,2,0,0
Cl,Bi,1,0,0,5,0,1,0,0,0,0,4,9,1,0,0,0,0,1,0,2,0,0,1,0,0,0,2,9,0,0
Cl,U,2,0,0,2,0,1,0,0,0,0,1,2,0,0,0,0,0,0,0,0,0,0,0,0,0,0,0,0,2,0
Cl,REE,3,0,3,5,3,3,1,0,1,1,2,5,0,1,0,0,0,0,0,1,0,0,0,0,0,2,0,0,0,5
K,H,286,9,11,286,14,81,50,81,161,32,53,25,286,75,30,10,28,71,1,16,7,12,1,1,2,8,3,0,27,3
K,B,9,17,0,15,2,6,4,6,8,0,0,4,17,3,1,0,1,0,0,0,1,0,0,0,0,1,0,0,0,0
K,C,11,0,16,16,1,7,2,0,3,1,1,2,16,7,0,1,0,1,0,1,0,0,0,0,0,0,0,0,4,1
K,O,286,15,16,458,38,136,73,129,252,36,93,44,458,108,50,15,41,96,1,41,16,27,3,1,2,10,6,1,29,8
K,F,14,2,1,38,46,19,11,16,37,2,6,2,46,17,5,0,3,7,0,0,0,0,0,0,0,1,0,0,0,0
K,Na,81,6,7,136,19,141,28,32,94,10,31,14,141,45,24,2,18,29,0,8,3,5,1,0,0,8,0,0,3,4
K,Mg,50,4,2,73,11,28,74,22,44,7,14,6,74,14,7,4,2,14,0,0,0,1,1,0,0,2,0,0,1,0
K,Al,81,6,0,129,16,32,22,130,92,13,20,11,130,40,3,1,5,24,0,4,3,7,0,0,0,1,0,0,0,0
K,Si,161,8,3,252,37,94,44,92,256,2,9,11,256,80,42,3,31,52,0,3,9,0,0,0,0,10,0,0,3,7
K,P,32,0,1,36,2,10,7,13,2,36,0,0,36,8,2,2,5,13,0,0,0,0,0,0,0,0,0,0,3,0
K,S,53,0,1,93,6,31,14,20,9,0,101,14,101,18,1,3,2,26,1,18,3,2,0,0,2,0,2,1,9,0
K,Cl,25,4,2,44,2,14,6,11,11,0,14,57,57,12,1,2,3,12,0,15,6,3,2,1,0,0,4,1,0,0
K,K,286,17,16,458,46,141,74,130,256,36,101,57,485,109,50,16,43,104,1,43,18,27,3,1,2,10,8,1,29,8
K,Ca,75,3,7,108,17,45,14,40,80,8,18,12,109,109,12,0,4,15,0,3,3,3,0,0,0,1,0,0,7,3
K,Ti,30,1,0,50,5,24,7,3,42,2,1,1,50,12,50,0,6,10,0,0,2,2,0,0,0,8,0,0,0,2
K,V,10,0,1,15,0,2,4,1,3,2,3,2,16,0,0,16,3,0,0,2,0,0,0,0,0,0,0,0,3,0
K,Mn,28,1,0,41,3,18,2,5,31,5,2,3,43,4,6,3,43,2,0,0,2,0,0,0,0,3,0,0,1,0
K,Fe,71,0,1,96,7,29,14,24,52,13,26,12,104,15,10,0,2,104,0,5,2,6,0,0,0,2,0,1,1,0
K,Ni,1,0,0,1,0,0,0,0,0,0,1,0,1,0,0,0,0,0,1,0,0,0,0,0,0,0,0,0,0,0
K,Cu,16,0,1,41,0,8,0,4,3,0,18,15,43,3,0,2,0,5,0,43,1,10,2,1,0,0,3,1,0,0
K,Zn,7,1,0,16,0,3,0,3,9,0,3,6,18,3,2,0,2,2,0,1,18,1,1,0,0,0,1,0,0,0
K,As,12,0,0,27,0,5,1,7,0,0,2,3,27,3,2,0,0,6,0,10,1,27,0,0,1,0,0,0,2,0
K,Se,1,0,0,3,0,1,1,0,0,0,0,2,3,0,0,0,0,0,0,2,1,0,3,0,0,0,1,0,0,0
K,Ag,1,0,0,1,0,0,0,0,0,0,0,1,1,0,0,0,0,0,0,1,0,0,0,1,0,0,1,0,0,0
K,Sb,2,0,0,2,0,0,0,0,0,0,2,0,2,0,0,0,0,0,0,0,0,1,0,0,2,0,0,0,0,0
K,Ba,8,1,0,10,1,8,2,1,10,0,0,0,10,1,8,0,3,2,0,0,0,0,0,0,0,10,0,0,0,1
K,Pb,3,0,0,6,0,0,0,0,0,0,2,4,8,0,0,0,0,0,0,3,1,0,1,1,0,0,8,0,2,0
K,Bi,0,0,0,1,0,0,0,0,0,0,1,1,1,0,0,0,0,1,0,1,0,0,0,0,0,0,0,1,0,0
K,U,27,0,4,29,0,3,1,0,3,3,9,0,29,7,0,3,1,1,0,0,0,2,0,0,0,0,2,0,29,0
K,REE,3,0,1,8,0,4,0,0,7,0,0,0,8,3,2,0,0,0,0,0,0,0,0,0,0,1,0,0,0,8
Ca,H,918,89,97,918,58,186,131,269,423,134,85,53,75,918,32,55,111,171,4,50,30,112,3,0,5,18,13,1,54,67
Ca,B,89,116,8,116,11,9,22,27,46,3,6,14,3,116,3,0,6,14,0,2,0,5,0,0,0,5,1,0,0,12
Ca,C,97,8,138,138,19,30,17,13,30,7,9,7,7,138,0,4,10,4,0,7,3,2,0,0,0,9,1,2,25,23
Ca,O,918,116,138,1336,157,301,197,364,653,198,111,87,108,1336,80,67,149,257,8,57,37,140,3,0,16,37,23,3,58,101
Ca,F,58,11,19,157,171,71,30,58,91,31,17,6,17,171,16,4,10,15,0,1,0,7,0,0,1,12,4,1,2,27
Ca,Na,186,9,30,301,71,305,60,100,186,50,34,33,45,305,33,9,41,66,0,9,1,28,0,0,0,8,2,0,4,19
Ca,Mg,131,22,17,197,30,60,199,88,101,33,7,9,14,199,7,9,11,44,0,4,2,27,0,0,1,3,1,0,5,13
Ca,Al,269,27,13,364,58,100,88,373,258,43,38,23,40,373,11,9,24,90,0,6,1,10,0,0,2,8,8,0,0,39
Ca,Si,423,46,30,653,91,186,101,258,653,22,37,41,80,653,65,17,81,145,0,10,10,5,0,0,1,23,15,0,7,71
Ca,P,134,3,7,198,31,50,33,43,22,198,2,5,8,198,4,2,35,63,5,7,10,3,0,0,0,12,3,1,8,8
Ca,S,85,6,9,111,17,34,7,38,37,2,113,12,18,113,1,0,4,5,0,10,2,1,1,0,2,4,2,0,2,4
Ca,Cl,53,14,7,87,6,33,9,23,41,5,12,89,12,89,3,0,6,16,0,9,1,10,0,0,1,3,4,0,0,1
Ca,K,75,3,7,108,17,45,14,40,80,8,18,12,109,109,12,0,4,15,0,3,3,3,0,0,0,1,0,0,7,3
Ca,Ca,918,116,138,1336,171,305,199,373,653,198,113,89,109,1353,80,67,149,257,8,58,37,140,3,0,16,38,25,3,58,103
Ca,Ti,32,3,0,80,16,33,7,11,65,4,1,3,12,80,80,0,11,21,0,0,0,2,0,0,1,5,0,0,1,8
Ca,V,55,0,4,67,4,9,9,9,17,2,0,0,0,67,0,67,4,4,0,1,0,7,0,0,0,2,1,0,3,1
Ca,Mn,111,6,10,149,10,41,11,24,81,35,4,6,4,149,11,4,149,35,0,0,5,19,0,0,2,4,4,0,0,8
Ca,Fe,171,14,4,257,15,66,44,90,145,63,5,16,15,257,21,4,35,257,2,1,8,24,0,0,5,7,4,0,2,25
Ca,Ni,4,0,0,8,0,0,0,0,0,5,0,0,0,8,0,0,0,2,8,0,0,3,0,0,0,0,0,0,0,0
Ca,Cu,50,2,7,57,1,9,4,6,10,7,10,9,3,58,0,1,0,1,0,58,1,22,1,0,1,0,1,1,3,2
Ca,Zn,30,0,3,37,0,1,2,1,10,10,2,1,3,37,0,0,5,8,0,1,37,10,0,0,0,0,1,0,1,0
Ca,As,112,5,2,140,7,28,27,10,5,3,1,10,3,140,2,7,19,24,3,22,10,140,0,0,4,1,3,0,3,5
Ca,Se,3,0,0,3,0,0,0,0,0,0,1,0,0,3,0,0,0,0,0,1,0,0,3,0,0,0,1,0,1,0
Ca,Ag,0,0,0,0,0,0,0,0,0,0,0,0,0,0,0,0,0,0,0,0,0,0,0,0,0,0,0,0,0,0
Ca,Sb,5,0,0,16,1,0,1,2,1,0,2,1,0,16,1,0,2,5,0,1,0,4,0,0,16,0,0,0,0,0
Ca,Ba,18,5,9,37,12,8,3,8,23,12,4,3,1,38,5,2,4,7,0,0,0,1,0,0,0,38,1,0,1,1
Ca,Pb,13,1,1,23,4,2,1,8,15,3,2,4,0,25,0,1,4,4,0,1,1,3,1,0,0,1,25,0,0,0
Ca,Bi,1,0,2,3,1,0,0,0,0,1,0,0,0,3,0,0,0,0,0,1,0,0,0,0,0,0,0,3,0,0
Ca,U,54,0,25,58,2,4,5,0,7,8,2,0,7,58,1,3,0,2,0,3,1,3,1,0,0,1,0,0,58,2
Ca,REE,67,12,23,101,27,19,13,39,71,8,4,1,3,103,8,1,8,25,0,2,0,5,0,0,0,1,0,0,2,103
Ti,H,145,3,2,145,18,81,11,9,116,9,2,2,30,32,145,4,22,36,0,2,8,5,0,0,2,36,1,0,2,16
Ti,B,3,8,0,7,0,3,0,2,7,1,0,1,1,3,8,0,1,1,0,0,0,0,0,0,0,4,0,0,0,1
Ti,C,2,0,6,5,1,4,0,0,4,0,0,0,0,0,6,0,0,1,0,0,0,0,0,0,0,1,0,0,0,3
Ti,O,145,7,5,332,46,142,32,24,208,15,3,7,50,80,332,9,39,92,0,3,11,11,0,0,3,60,5,0,8,46
Ti,F,18,0,1,46,46,36,1,0,43,7,0,1,5,16,46,1,10,8,0,1,2,2,0,0,0,14,0,0,0,8
Ti,Na,81,3,4,142,36,142,13,5,131,10,2,4,24,33,142,1,23,26,0,2,6,3,0,0,1,36,0,0,0,17
Ti,Mg,11,0,0,32,1,13,32,9,16,2,0,0,7,7,32,1,2,12,0,0,0,0,0,0,0,4,0,0,0,3
Ti,Al,9,2,0,24,0,5,9,24,16,1,0,1,3,11,24,0,0,8,0,0,0,0,0,0,0,1,0,0,0,2
Ti,Si,116,7,4,208,43,131,16,16,214,13,1,6,42,65,214,1,29,49,0,1,7,1,0,0,0,51,0,0,0,31
Ti,P,9,1,0,15,7,10,2,1,13,18,0,0,2,4,18,0,3,3,0,0,0,0,0,0,0,5,0,0,0,1
Ti,S,2,0,0,3,0,2,0,0,1,0,5,0,1,1,5,0,0,2,0,0,0,0,0,0,0,1,0,0,0,0
Ti,Cl,2,1,0,7,1,4,0,1,6,0,0,7,1,3,7,0,0,2,0,1,0,1,0,0,0,3,0,0,0,0
Ti,K,30,1,0,50,5,24,7,3,42,2,1,1,50,12,50,0,6,10,0,0,2,2,0,0,0,8,0,0,0,2
Ti,Ca,32,3,0,80,16,33,7,11,65,4,1,3,12,80,80,0,11,21,0,0,0,2,0,0,1,5,0,0,1,8
Ti,Ti,145,8,6,332,46,142,32,24,214,18,5,7,50,80,346,9,39,96,0,3,11,11,0,0,3,60,5,0,8,46
Ti,V,4,0,0,9,1,1,1,0,1,0,0,0,0,0,9,9,0,0,0,0,0,2,0,0,0,3,0,0,0,0
Ti,Mn,22,1,0,39,10,23,2,0,29,3,0,0,6,11,39,0,39,6,0,0,2,1,0,0,1,8,2,0,0,2
Ti,Fe,36,1,1,92,8,26,12,8,49,3,2,2,10,21,96,0,6,96,0,0,0,2,0,0,1,18,3,0,4,16
Ti,Ni,0,0,0,0,0,0,0,0,0,0,0,0,0,0,0,0,0,0,0,0,0,0,0,0,0,0,0,0,0,0
Ti,Cu,2,0,0,3,1,2,0,0,1,0,0,1,0,0,3,0,0,0,0,3,0,2,0,0,1,0,0,0,0,0
Ti,Zn,8,0,0,11,2,6,0,0,7,0,0,0,2,0,11,0,2,0,0,0,11,0,0,0,0,2,1,0,0,2
Ti,As,5,0,0,11,2,3,0,0,1,0,0,1,2,2,11,2,1,2,0,2,0,11,0,0,1,1,0,0,0,0
Ti,Se,0,0,0,0,0,0,0,0,0,0,0,0,0,0,0,0,0,0,0,0,0,0,0,0,0,0,0,0,0,0
Ti,Ag,0,0,0,0,0,0,0,0,0,0,0,0,0,0,0,0,0,0,0,0,0,0,0,0,0,0,0,0,0,0
Ti,Sb,2,0,0,3,0,1,0,0,0,0,0,0,0,1,3,0,1,1,0,1,0,1,0,0,3,0,0,0,0,0
Ti,Ba,36,4,1,60,14,36,4,1,51,5,1,3,8,5,60,3,8,18,0,0,2,1,0,0,0,60,0,0,0,7
Ti,Pb,1,0,0,5,0,0,0,0,0,0,0,0,0,0,5,0,2,3,0,0,1,0,0,0,0,0,5,0,1,1
Ti,Bi,0,0,0,0,0,0,0,0,0,0,0,0,0,0,0,0,0,0,0,0,0,0,0,0,0,0,0,0,0,0
Ti,U,2,0,0,8,0,0,0,0,0,0,0,0,0,1,8,0,0,4,0,0,0,0,0,0,0,0,1,0,8,1
Ti,REE,16,1,3,46,8,17,3,2,31,1,0,0,2,8,46,0,2,16,0,0,2,0,0,0,0,7,1,0,1,46
V,H,181,3,6,180,2,28,24,31,27,14,12,3,10,55,4,181,22,16,2,11,5,10,0,0,0,11,14,5,16,3
V,B,3,5,0,5,1,3,4,1,4,1,0,1,0,0,0,5,0,0,0,0,0,0,0,0,0,1,0,0,0,0
V,C,6,0,6,6,1,1,1,1,2,2,0,0,1,4,0,6,1,0,0,0,0,0,0,0,0,1,0,0,0,0
V,O,180,5,6,261,7,36,31,35,43,15,14,13,15,67,9,261,29,26,2,29,6,12,0,1,1,21,23,8,16,7
V,F,2,1,1,7,7,0,2,2,2,2,0,0,0,4,1,7,0,0,0,1,0,1,0,0,0,3,0,0,0,0
V,Na,28,3,1,36,0,36,11,5,9,1,1,1,2,9,1,36,6,1,0,1,0,2,0,0,0,0,0,0,1,0
V,Mg,24,4,1,31,2,11,31,6,8,3,1,0,4,9,1,31,3,2,0,1,0,2,0,0,0,0,0,0,0,0
V,Al,31,1,1,35,2,5,6,35,14,4,1,0,1,9,0,35,4,2,1,2,2,0,0,0,0,1,1,0,2,3
V,Si,27,4,2,43,2,9,8,14,43,0,0,1,3,17,1,43,12,3,0,0,1,1,0,0,0,9,0,0,0,3
V,P,14,1,2,15,2,1,3,4,0,16,0,0,2,2,0,16,0,1,1,1,0,0,0,0,0,3,2,0,0,0
V,S,12,0,0,14,0,1,1,1,0,0,23,0,3,0,0,23,0,1,0,5,0,1,0,0,2,0,1,0,2,0
V,Cl,3,1,0,13,0,1,0,0,1,0,0,13,2,0,0,13,1,0,0,6,0,1,0,0,0,1,5,0,0,0
V,K,10,0,1,15,0,2,4,1,3,2,3,2,16,0,0,16,3,0,0,2,0,0,0,0,0,0,0,0,3,0
V,Ca,55,0,4,67,4,9,9,9,17,2,0,0,0,67,0,67,4,4,0,1,0,7,0,0,0,2,1,0,3,1
V,Ti,4,0,0,9,1,1,1,0,1,0,0,0,0,0,9,9,0,0,0,0,0,2,0,0,0,3,0,0,0,0
V,V,181,5,6,261,7,36,31,35,43,16,23,13,16,67,9,274,29,26,3,34,6,13,0,1,3,21,24,8,16,7
V,Mn,22,0,1,29,0,6,3,4,12,0,0,1,3,4,0,29,29,0,0,0,0,2,0,0,0,2,4,0,0,1
V,Fe,16,0,0,26,0,1,2,2,3,1,1,0,0,4,0,26,0,26,0,5,0,0,0,0,0,2,5,0,0,1
V,Ni,2,0,0,2,0,0,0,1,0,1,0,0,0,0,0,3,0,0,3,0,1,0,0,0,0,0,0,0,0,0
V,Cu,11,0,0,29,1,1,1,2,0,1,5,6,2,1,0,34,0,5,0,34,0,2,0,0,1,1,2,2,1,0
V,Zn,5,0,0,6,0,0,0,2,1,0,0,0,0,0,0,6,0,0,1,0,6,0,0,0,0,0,2,0,0,0
V,As,10,0,0,12,1,2,2,0,1,0,1,1,0,7,2,13,2,0,0,2,0,13,0,0,0,1,1,0,0,0
V,Se,0,0,0,0,0,0,0,0,0,0,0,0,0,0,0,0,0,0,0,0,0,0,0,0,0,0,0,0,0,0
V,Ag,0,0,0,1,0,0,0,0,0,0,0,0,0,0,0,1,0,0,0,0,0,0,0,1,0,0,0,0,0,0
V,Sb,0,0,0,1,0,0,0,0,0,0,2,0,0,0,0,3,0,0,0,1,0,0,0,0,3,0,1,0,0,0
V,Ba,11,1,1,21,3,0,0,1,9,3,0,1,0,2,3,21,2,2,0,1,0,1,0,0,0,21,0,0,1,0
V,Pb,14,0,0,23,0,0,0,1,0,2,1,5,0,1,0,24,4,5,0,2,2,1,0,0,1,0,24,1,1,0
V,Bi,5,0,0,8,0,0,0,0,0,0,0,0,0,0,0,8,0,0,0,2,0,0,0,0,0,0,1,8,0,0
V,U,16,0,0,16,0,1,0,2,0,0,2,0,3,3,0,16,0,0,0,1,0,0,0,0,0,1,1,0,16,0
V,REE,3,0,0,7,0,0,0,3,3,0,0,0,0,1,0,7,1,1,0,0,0,0,0,0,0,0,0,0,0,7
Mn,H,407,15,17,407,14,81,42,70,185,98,24,17,28,111,22,22,407,78,2,7,31,66,0,0,2,21,19,0,4,17
Mn,B,15,28,1,28,1,6,5,7,14,1,0,3,1,6,1,0,28,1,0,0,0,0,0,0,2,1,1,0,0,2
Mn,C,17,1,25,25,2,8,3,2,6,3,4,2,0,10,0,1,25,0,0,0,1,2,0,0,0,0,2,0,0,4
Mn,O,407,28,25,584,25,132,57,86,256,126,28,23,41,149,39,29,584,105,2,11,37,76,0,0,16,28,31,0,4,29
Mn,F,14,1,2,25,25,17,2,6,17,7,1,0,3,10,10,0,25,0,0,0,0,0,0,0,0,3,0,0,0,3
Mn,Na,81,6,8,132,17,133,17,18,83,33,4,6,18,41,23,6,133,27,0,0,2,11,0,0,0,8,0,0,0,8
Mn,Mg,42,5,3,57,2,17,57,15,23,18,3,1,2,11,2,3,57,13,0,0,8,6,0,0,2,1,2,0,0,1
Mn,Al,70,7,2,86,6,18,15,86,46,35,4,0,5,24,0,4,86,17,0,0,2,1,0,0,1,1,2,0,0,11
Mn,Si,185,14,6,256,17,83,23,46,258,6,3,10,31,81,29,12,258,34,0,3,11,17,0,0,6,18,8,0,0,25
Mn,P,98,1,3,126,7,33,18,35,6,126,0,2,5,35,3,0,126,55,0,0,10,1,0,0,0,5,1,0,2,2
Mn,S,24,0,4,28,1,4,3,4,3,0,50,2,2,4,0,0,50,2,0,3,3,7,0,7,11,1,10,1,2,0
Mn,Cl,17,3,2,23,0,6,1,0,10,2,2,26,3,6,0,1,26,6,0,2,0,3,0,0,0,3,4,0,0,0
Mn,K,28,1,0,41,3,18,2,5,31,5,2,3,43,4,6,3,43,2,0,0,2,0,0,0,0,3,0,0,1,0
Mn,Ca,111,6,10,149,10,41,11,24,81,35,4,6,4,149,11,4,149,35,0,0,5,19,0,0,2,4,4,0,0,8
Mn,Ti,22,1,0,39,10,23,2,0,29,3,0,0,6,11,39,0,39,6,0,0,2,1,0,0,1,8,2,0,0,2
Mn,V,22,0,1,29,0,6,3,4,12,0,0,1,3,4,0,29,29,0,0,0,0,2,0,0,0,2,4,0,0,1
Mn,Mn,407,28,25,584,25,133,57,86,258,126,50,26,43,149,39,29,611,106,2,13,37,83,0,7,27,28,38,1,4,29
Mn,Fe,78,1,0,105,0,27,13,17,34,55,2,6,2,35,6,0,106,106,0,1,13,9,0,1,3,6,9,0,0,8
Mn,Ni,2,0,0,2,0,0,0,0,0,0,0,0,0,0,0,0,2,0,2,0,0,0,0,0,0,0,0,0,0,0
Mn,Cu,7,0,0,11,0,0,0,0,3,0,3,2,0,0,0,0,13,1,0,13,0,5,0,0,1,0,0,0,0,1
Mn,Zn,31,0,1,37,0,2,8,2,11,10,3,0,2,5,2,0,37,13,0,0,37,7,0,0,1,0,3,0,0,0
Mn,As,66,0,2,76,0,11,6,1,17,1,7,3,0,19,1,2,83,9,0,5,7,83,0,3,7,1,7,0,0,4
Mn,Se,0,0,0,0,0,0,0,0,0,0,0,0,0,0,0,0,0,0,0,0,0,0,0,0,0,0,0,0,0,0
Mn,Ag,0,0,0,0,0,0,0,0,0,0,7,0,0,0,0,0,7,1,0,0,0,3,0,7,5,0,4,0,0,0
Mn,Sb,2,2,0,16,0,0,2,1,6,0,11,0,0,2,1,0,27,3,0,1,1,7,0,5,27,0,7,0,0,0
Mn,Ba,21,1,0,28,3,8,1,1,18,5,1,3,3,4,8,2,28,6,0,0,0,1,0,0,0,28,1,0,0,1
Mn,Pb,19,1,2,31,0,0,2,2,8,1,10,4,0,4,2,4,38,9,0,0,3,7,0,4,7,1,38,0,0,0
Mn,Bi,0,0,0,0,0,0,0,0,0,0,1,0,0,0,0,0,1,0,0,0,0,0,0,0,0,0,0,1,0,0
Mn,U,4,0,0,4,0,0,0,0,0,2,2,0,1,0,0,0,4,0,0,0,0,0,0,0,0,0,0,0,4,0
Mn,REE,17,2,4,29,3,8,1,11,25,2,0,0,0,8,2,1,29,8,0,1,0,4,0,0,0,1,0,0,0,29
Fe,H,662,18,22,662,15,129,78,136,215,176,122,31,71,171,36,16,78,662,6,22,40,86,1,1,6,32,36,7,13,34
Fe,B,18,38,0,38,5,8,8,16,25,2,1,4,0,14,1,0,1,38,1,1,0,1,0,0,0,1,0,0,0,6
Fe,C,22,0,32,28,1,7,6,2,9,2,4,1,1,4,1,0,0,32,2,0,2,0,0,0,0,3,1,0,0,2
Fe,O,662,38,28,981,39,200,119,181,333,224,136,48,96,257,92,26,105,981,11,38,43,111,1,1,18,48,54,10,20,60
Fe,F,15,5,1,39,39,23,10,12,32,6,0,0,7,15,8,0,0,39,0,0,0,3,0,0,0,7,0,0,0,4
Fe,Na,129,8,7,200,23,201,40,51,113,49,17,18,29,66,26,1,27,201,0,5,0,21,0,0,0,14,1,0,1,8
Fe,Mg,78,8,6,119,10,40,119,33,51,19,14,2,14,44,12,2,13,119,1,1,6,7,0,0,2,3,1,1,0,3
Fe,Al,136,16,2,181,12,51,33,187,108,43,15,3,24,90,8,2,17,187,3,3,2,0,0,0,1,6,5,0,1,20
